2	2	2	2	2	2	2	2	4	4	4	6	0	3	0	1	1	2	2	5	5	4	4	10	0	4	0	2	2	4	11	33	15	15	49	17
2	2	2	2	2	2	2	2	4	4	4	6	0	3	0	1	1	2	2	5	5	4	4	9	0	3	0	2	2	3	16	16	16	16	24	16
2	2	2	2	2	2	4	2	4	6	4	6	0	3	2	2	1	2	4	5	5	8	4	9	0	5	2	3	2	3	29	55	29	13	55	15
2	2	2	2	2	2	2	2	4	4	4	6	0	3	2	1	1	2	2	5	5	4	4	9	0	5	2	2	2	3	9	11	9	9	11	11
2	2	2	2	2	2	3	2	4	5	4	6	0	3	2	2	1	2	4	5	5	7	4	9	0	3	2	3	2	3	21	9	21	21	9	21
2	2	2	2	2	2	4	2	4	6	4	6	0	3	2	2	1	2	4	5	5	8	4	9	0	5	2	3	2	3	13	35	13	13	35	15
2	2	2	2	2	2	4	2	4	6	4	7	0	3	0	2	1	2	4	5	5	8	4	10	0	3	0	3	2	3	31	47	31	39	63	39
2	2	2	2	2	2	2	2	5	3	3	9	2	3	0	1	2	3	3	5	5	3	4	14	2	5	0	2	3	5	13	19	13	15	29	19
2	2	2	2	2	2	2	2	4	4	4	6	0	3	0	1	1	2	2	5	5	4	4	9	0	3	0	2	2	3	16	16	16	16	24	16
2	2	2	2	2	2	2	2	4	4	4	5	0	3	2	1	1	2	2	5	5	4	4	8	0	4	2	2	2	3	5	7	5	5	7	7
2	2	2	2	2	2	2	4	4	4	6	8	0	3	0	1	1	2	2	5	5	4	6	11	0	3	0	2	2	3	17	9	17	25	9	41
2	2	2	2	2	2	2	2	4	4	4	7	0	3	0	1	1	2	2	5	5	4	4	12	0	5	0	2	2	4	7	25	7	7	37	17
2	2	2	2	2	2	2	2	4	4	4	5	0	3	0	1	1	2	2	5	5	4	4	8	0	3	0	2	2	3	7	15	7	7	15	7
2	2	2	2	2	2	2	2	4	4	4	7	0	3	2	1	1	2	2	5	5	4	4	10	0	6	2	2	2	3	1	3	1	1	3	3
2	2	2	2	2	2	2	2	4	4	4	6	2	3	1	1	2	2	2	5	5	4	4	9	2	4	1	2	3	4	26	24	26	30	24	34
2	2	2	2	1	2	2	2	4	4	2	5	0	3	0	1	1	2	2	5	5	4	2	8	0	3	0	2	1	3	7	3	7	7	3	7
2	2	2	2	2	2	2	2	4	3	3	5	2	3	2	1	1	2	2	5	5	3	3	8	2	5	2	2	2	3	7	9	7	7	9	9
2	2	2	2	2	2	2	2	4	4	4	6	0	3	0	1	1	2	2	5	5	4	4	9	0	3	0	2	2	3	14	38	14	54	46	54
2	2	2	2	2	2	2	2	4	4	4	8	0	3	0	1	1	2	2	5	5	4	4	14	0	3	0	2	2	4	7	15	7	15	15	15
2	2	2	2	2	2	2	2	4	4	4	7	0	3	0	1	1	2	2	5	5	4	4	11	0	4	0	2	2	4	3	21	7	7	21	9
2	2	2	2	2	2	2	2	4	4	4	8	0	3	0	1	1	2	2	5	5	4	4	13	0	3	0	2	2	4	13	45	13	13	45	13
2	2	2	2	2	2	2	3	4	4	5	7	0	3	3	1	1	2	2	6	6	4	5	10	0	6	3	2	2	3	9	9	9	5	9	7
2	2	2	1	2	2	2	2	4	2	4	6	0	3	0	1	1	2	2	5	5	2	4	9	0	3	0	1	2	3	16	16	16	16	24	16
2	2	2	2	2	2	2	2	4	4	4	7	0	3	0	1	1	2	2	5	5	4	4	12	0	5	0	2	2	4	5	11	9	9	27	19
2	2	2	2	2	2	2	2	4	4	4	6	0	3	0	1	1	2	2	5	5	4	4	9	0	3	0	2	2	3	19	63	19	47	63	47
2	2	2	2	2	2	3	2	4	5	4	6	0	3	0	1	1	2	3	5	5	5	4	9	0	3	0	2	2	3	7	7	7	7	7	7
2	2	2	2	2	2	2	2	4	4	4	6	0	3	0	1	1	2	2	5	5	4	4	9	0	3	0	2	2	3	6	6	6	6	6	6
2	2	2	2	2	2	3	2	4	5	4	8	0	3	1	1	2	2	3	5	5	5	5	14	0	6	1	2	3	4	43	41	43	37	41	41
2	2	2	2	2	2	2	2	2	4	4	4	0	1	0	1	1	2	2	3	3	4	4	5	0	1	0	2	2	3	16	16	16	8	24	16
2	2	2	2	2	2	2	2	3	4	4	5	0	1	0	1	1	2	2	3	3	4	4	8	0	1	0	2	2	4	5	13	5	13	21	5
2	2	2	2	2	2	6	6	2	8	8	4	0	1	4	2	2	2	6	6	6	10	10	5	0	1	4	3	3	3	37	53	37	93	69	93
2	2	2	2	2	2	2	3	2	4	5	4	2	1	2	1	2	2	4	4	4	4	6	6	2	2	2	2	3	4	13	5	13	5	5	5
2	2	2	2	2	2	4	2	2	6	4	4	0	2	2	2	1	2	4	4	4	8	4	5	0	3	2	3	2	3	29	35	29	29	35	31
2	2	2	2	2	2	2	2	2	4	4	4	0	2	2	1	1	2	2	4	4	4	4	5	0	3	2	2	2	3	9	15	9	25	15	27
2	2	2	2	2	2	3	2	2	5	4	4	0	1	2	2	1	2	4	3	4	7	4	5	0	1	2	3	2	3	19	11	19	23	11	23
2	2	2	2	2	2	2	2	2	4	4	4	4	4	4	2	2	2	6	6	6	6	6	7	4	5	4	3	3	4	16	24	16	32	24	32
2	2	2	2	2	2	2	6	3	4	8	5	0	1	0	1	3	3	2	6	5	4	14	9	0	1	0	2	4	5	7	15	7	7	23	7
2	2	2	2	2	2	4	2	2	6	4	4	0	2	2	2	1	2	4	4	4	8	4	5	0	3	2	3	2	3	13	15	13	29	35	31
2	2	2	2	2	2	4	2	3	6	3	5	0	2	0	1	1	2	4	3	3	6	3	8	0	3	0	2	2	4	10	22	10	22	26	26
2	2	2	2	2	2	4	2	3	6	4	5	0	1	0	2	1	2	4	3	3	8	4	6	0	1	0	3	2	3	13	45	13	29	45	21
2	2	2	2	2	2	2	2	2	4	4	4	0	1	0	1	1	2	2	3	3	4	4	5	0	1	0	2	2	3	16	16	16	8	24	16
2	2	2	2	2	2	2	2	2	4	4	3	0	1	2	1	1	2	2	3	3	4	4	4	0	2	2	2	2	3	5	7	5	5	7	7
2	2	2	2	2	2	2	4	4	4	6	6	0	1	0	1	1	2	2	4	4	4	6	7	0	1	0	2	2	3	13	45	13	29	45	45
2	2	2	2	2	2	4	4	4	6	6	6	0	1	0	2	2	2	4	4	4	8	8	7	0	1	0	3	3	3	17	25	17	33	33	33
2	2	2	2	2	2	2	3	2	4	5	4	2	1	2	2	3	3	4	4	4	6	9	7	2	2	2	3	4	5	19	27	19	19	51	35
2	2	2	2	2	2	6	6	6	8	8	8	0	1	0	1	1	2	6	6	6	8	8	9	0	1	0	2	2	3	5	9	5	17	9	17
2	2	2	2	2	2	6	6	4	8	8	6	0	1	0	1	2	2	6	6	4	8	12	7	0	1	0	2	3	3	27	27	27	19	35	19
2	2	2	2	2	2	2	2	3	4	4	5	0	2	0	1	1	2	2	4	4	4	4	8	0	3	0	2	2	4	7	9	7	15	21	17
2	2	2	2	2	2	2	2	2	4	4	3	0	1	0	1	1	2	2	3	3	4	4	4	0	1	0	2	2	3	7	15	7	7	15	7
2	2	2	2	2	2	2	2	3	4	4	5	0	3	2	1	1	2	2	5	5	4	4	6	0	4	2	2	2	3	5	7	5	13	19	15
2	2	2	2	2	2	2	2	2	4	4	4	2	1	1	1	2	2	2	3	3	4	4	5	2	2	1	2	3	4	26	24	26	30	30	34
2	2	2	2	1	2	2	2	2	4	2	3	0	1	0	1	1	2	2	3	3	4	2	4	0	1	0	2	1	3	7	3	7	7	3	7
2	2	2	2	2	2	2	2	2	3	3	3	2	2	2	1	1	2	2	3	3	3	3	4	2	3	2	2	2	3	7	9	7	7	9	9
2	2	2	2	2	2	2	2	2	4	4	4	0	1	0	1	1	2	2	3	3	4	4	5	0	1	0	2	2	3	6	6	6	18	6	22
2	2	2	2	2	2	2	2	4	4	4	6	0	1	0	1	1	2	2	3	4	4	4	10	0	1	0	2	2	4	1	1	1	1	1	1
2	2	2	2	2	2	2	2	3	4	4	5	0	1	0	1	1	2	2	3	3	4	4	7	0	2	0	2	2	4	3	9	7	7	9	9
2	2	2	2	2	2	2	2	4	4	4	6	0	1	0	1	1	2	2	3	4	4	4	9	0	1	0	2	2	4	1	1	1	1	1	1
2	2	2	2	2	2	2	4	2	4	6	4	0	1	3	1	2	2	2	5	5	4	9	5	0	1	3	2	3	3	10	10	10	14	14	14
2	2	2	2	2	2	2	3	3	4	5	5	0	3	3	1	1	2	2	6	6	4	5	6	0	4	3	2	2	3	9	13	9	13	21	15
2	2	2	1	2	2	2	2	2	2	4	4	0	1	0	1	1	2	2	3	3	2	4	5	0	1	0	1	2	3	16	16	16	8	24	16
2	2	2	2	2	2	2	2	3	4	4	5	0	2	0	1	1	2	2	4	4	4	4	8	0	3	0	2	2	4	5	11	9	9	11	11
2	2	2	2	2	2	2	2	2	4	4	4	0	1	0	1	1	2	2	3	3	4	4	5	0	1	0	2	2	3	11	11	11	19	11	19
2	2	2	2	2	2	3	2	2	5	4	4	0	1	0	1	1	2	3	3	3	5	4	5	0	1	0	2	2	3	7	7	7	7	7	7
2	2	2	2	2	2	2	2	2	4	4	4	0	1	0	1	1	2	2	3	3	4	4	5	0	1	0	2	2	3	6	6	6	2	6	6
2	2	2	2	2	2	3	3	3	6	6	6	1	1	1	2	2	5	4	4	4	8	8	18	2	2	2	4	4	9	3	7	3	7	9	9
2	2	2	2	2	2	3	3	3	5	5	5	1	2	2	2	2	5	4	4	4	6	6	12	1	3	3	3	3	6	67	111	67	83	115	85
2	2	2	2	1	2	3	3	3	5	3	4	1	1	1	2	2	5	4	4	4	6	4	11	1	1	1	3	2	6	19	33	15	11	21	11
2	2	2	2	2	2	3	3	3	4	4	4	2	2	2	2	2	5	4	4	4	5	5	11	3	3	3	3	3	6	13	17	13	21	25	25
2	2	2	2	2	2	6	6	6	8	8	8	0	0	0	1	1	1	6	6	6	8	8	8	0	0	0	2	2	2	2	2	2	2	2	2
2	2	2	2	2	2	6	6	6	10	10	10	2	2	2	2	2	2	6	6	6	12	12	12	2	2	2	3	3	3	6	6	6	6	6	6
2	2	2	2	2	2	6	6	6	10	8	8	0	2	2	2	1	1	6	6	6	12	8	8	0	2	2	3	2	2	12	12	12	28	12	28
2	2	2	2	2	2	6	6	6	8	8	8	0	2	2	1	1	1	6	6	6	8	8	8	0	2	2	2	2	2	12	12	12	28	12	28
2	2	2	2	2	2	6	6	6	8	8	8	4	4	4	2	2	2	6	6	6	10	10	10	4	4	4	3	3	3	2	2	2	2	2	2
2	2	2	2	2	2	6	6	6	10	8	8	0	2	2	2	1	1	6	6	6	12	8	8	0	2	2	3	2	2	6	6	6	6	6	6
2	2	2	2	2	2	6	6	6	10	8	9	0	0	0	2	1	1	6	6	6	12	8	9	0	0	0	3	2	2	16	40	16	48	40	48
2	2	2	2	2	2	6	6	6	8	8	8	0	0	0	1	1	1	6	6	6	8	8	8	0	0	0	2	2	2	6	6	6	6	6	6
2	2	2	2	2	2	6	6	6	8	8	7	0	1	2	1	1	1	6	6	6	8	8	7	0	1	2	2	2	2	8	8	8	16	8	16
2	2	2	2	2	2	6	6	6	8	10	10	0	0	0	1	1	1	6	6	6	8	10	10	0	0	0	2	2	2	16	16	16	32	16	32
2	2	2	2	2	2	6	6	6	12	12	12	0	0	0	1	1	1	6	6	6	12	12	12	0	0	0	2	2	2	16	4	16	4	4	4
2	2	2	2	2	2	6	6	6	8	8	9	0	2	0	1	1	2	6	6	6	8	8	11	0	2	0	2	2	3	26	10	26	10	10	10
2	2	2	2	2	2	6	6	6	8	8	7	0	0	0	1	1	1	6	6	6	8	8	7	0	0	0	2	2	2	16	4	16	4	4	4
2	2	2	2	2	2	6	6	6	8	8	9	0	3	2	1	1	1	6	6	6	8	8	9	0	3	2	2	2	2	8	16	8	16	16	16
2	2	2	2	2	2	6	6	6	8	8	8	2	1	1	1	2	2	6	6	6	8	8	8	2	1	1	2	3	3	42	42	42	82	42	82
2	2	2	2	1	2	6	6	6	8	6	7	0	0	0	1	1	1	6	6	6	8	6	7	0	0	0	2	1	2	8	4	8	4	4	4
2	2	2	2	2	2	6	6	6	7	7	7	2	2	2	1	1	1	6	6	6	7	7	7	2	2	2	2	2	2	14	14	14	14	14	14
2	2	2	2	2	2	6	6	6	8	8	8	0	0	0	1	1	1	6	6	6	8	8	8	0	0	0	2	2	2	28	12	28	12	12	12
2	2	2	2	2	2	6	6	6	12	12	12	0	0	0	1	1	1	6	6	6	12	12	12	0	0	0	2	2	2	16	48	16	48	48	48
2	2	2	2	2	2	6	6	6	8	8	9	0	1	0	1	1	2	6	6	6	8	8	10	0	1	0	2	2	3	8	8	8	24	8	32
2	2	2	2	2	2	6	6	6	8	8	10	0	0	0	1	1	2	6	6	6	8	8	12	0	0	0	2	2	3	2	2	2	2	2	2
2	2	2	2	2	2	6	6	6	8	9	9	0	3	3	1	1	1	6	6	6	8	9	9	0	3	3	2	2	2	8	8	8	16	8	16
2	2	2	1	2	2	6	6	6	6	8	8	0	0	0	1	1	1	6	6	6	6	8	8	0	0	0	1	2	2	12	12	12	28	12	28
2	2	2	2	2	2	6	6	6	12	12	12	0	0	0	1	1	1	6	6	6	12	12	12	0	0	0	2	2	2	0	0	0	0	0	0
2	2	2	2	2	2	6	6	6	8	8	8	0	0	0	1	1	1	6	6	6	8	8	8	0	0	0	2	2	2	32	16	32	16	16	16
2	2	2	2	2	2	6	6	6	9	8	8	0	0	0	1	1	1	6	6	6	9	8	8	0	0	0	2	2	2	8	8	8	16	8	16
2	2	2	2	2	2	6	6	6	8	8	8	0	0	0	1	1	1	6	6	6	8	8	8	0	0	0	2	2	2	2	2	2	2	2	2
2	2	2	2	2	2	2	2	3	4	4	5	0	0	0	1	1	2	2	2	3	4	4	7	0	0	0	2	2	3	9	25	9	25	25	25
2	2	2	2	2	2	4	4	4	6	6	6	2	2	2	2	2	2	6	6	6	8	8	8	2	2	2	3	3	3	18	34	18	34	34	34
2	2	2	2	2	2	6	6	2	8	8	4	0	0	4	2	2	1	6	6	6	10	10	4	0	0	4	3	3	2	10	42	10	42	42	42
2	2	2	2	2	2	2	3	2	4	5	4	2	1	2	1	2	2	4	4	4	4	6	5	2	1	2	2	3	3	30	30	30	22	46	38
2	2	2	2	2	2	4	2	2	6	4	4	0	2	2	2	1	1	4	4	4	8	4	4	0	2	2	3	2	2	12	12	12	28	12	28
2	2	2	2	2	2	2	2	2	4	4	4	0	2	2	1	1	1	2	4	4	4	4	4	0	2	2	2	2	2	12	12	12	28	12	28
2	2	2	2	2	2	3	2	2	5	4	4	0	0	2	2	1	1	4	2	4	7	4	4	0	0	2	3	2	2	26	30	26	14	30	14
2	2	2	2	2	2	2	2	2	4	4	4	4	4	4	2	2	2	6	6	6	6	6	6	4	4	4	3	3	3	14	14	14	14	14	14
2	2	2	2	2	2	2	6	3	4	8	5	0	0	0	1	3	3	2	6	5	4	14	8	0	0	0	2	4	4	24	4	24	8	12	16
2	2	2	2	2	2	6	6	6	8	8	8	0	0	0	2	2	2	6	6	6	10	10	11	0	0	0	3	3	3	26	10	26	18	10	18
2	2	2	2	2	2	4	2	2	6	4	4	0	2	2	2	1	1	4	4	4	8	4	4	0	2	2	3	2	2	4	4	4	4	4	4
2	2	2	2	2	2	2	4	4	4	6	6	0	0	0	2	2	2	3	4	4	5	7	7	0	0	0	3	3	3	0	0	0	0	0	0
2	2	2	2	2	2	4	2	3	6	3	5	0	2	0	1	1	2	4	3	3	6	3	7	0	2	0	2	2	3	24	24	24	24	24	24
2	2	2	2	2	2	2	6	2	4	8	4	0	0	0	1	4	1	2	6	2	4	20	4	0	0	0	2	5	2	4	8	4	4	8	4
2	2	2	2	2	2	4	2	3	6	4	5	0	0	0	2	1	1	4	2	3	8	4	5	0	0	0	3	2	2	8	28	8	36	28	36
2	2	2	2	2	2	2	2	5	3	3	7	2	2	0	1	2	3	3	3	5	3	4	9	2	2	0	2	3	4	10	18	10	6	18	6
2	2	2	2	2	2	6	6	6	8	8	8	0	0	0	2	3	3	6	6	6	10	12	12	0	0	0	3	4	4	18	34	18	34	34	34
2	2	2	2	2	2	2	2	2	4	4	4	0	0	0	1	1	1	2	2	2	4	4	4	0	0	0	2	2	2	2	2	2	2	2	2
2	2	2	2	2	2	2	2	2	4	4	3	0	1	2	1	1	1	2	3	3	4	4	3	0	1	2	2	2	2	8	8	8	16	8	16
2	2	2	2	2	2	4	4	6	6	6	8	2	2	0	3	3	1	6	6	6	10	10	8	2	2	0	4	4	2	28	12	28	12	12	12
2	2	2	2	2	2	2	4	4	4	6	6	0	0	0	1	1	1	2	4	4	4	6	6	0	0	0	2	2	2	8	8	8	16	8	16
2	2	2	2	2	2	4	4	4	6	6	6	0	0	0	2	2	1	4	4	4	8	8	6	0	0	0	3	3	2	8	8	8	8	8	8
2	2	2	2	2	2	2	3	2	4	5	4	2	1	2	2	3	3	4	4	4	6	9	6	2	1	2	3	4	4	26	30	26	22	30	22
2	2	2	2	2	2	6	6	6	8	8	8	0	0	0	1	1	1	6	6	6	8	8	8	0	0	0	2	2	2	4	4	4	4	4	4
2	2	2	2	2	2	2	2	6	4	4	8	2	2	0	1	1	3	4	4	6	4	4	14	2	2	0	2	2	4	26	26	26	26	26	26
2	2	2	2	2	2	6	6	4	8	8	6	0	0	0	1	2	1	6	6	4	8	12	6	0	0	0	2	3	2	16	8	16	8	8	8
2	2	2	2	2	2	2	2	3	4	4	5	0	2	0	1	1	2	2	4	4	4	4	7	0	2	0	2	2	3	10	6	10	10	6	10
2	2	2	2	2	2	2	2	2	4	4	3	0	0	0	1	1	1	2	2	2	4	4	3	0	0	0	2	2	2	4	4	4	4	4	4
2	2	2	2	2	2	2	2	3	4	4	5	0	3	2	1	1	1	2	5	5	4	4	5	0	3	2	2	2	2	8	16	8	16	16	16
2	2	2	2	2	2	2	2	2	4	4	4	2	1	1	1	2	2	2	2	2	4	4	4	2	1	1	2	3	3	30	30	30	70	30	70
2	2	2	2	1	2	2	2	2	4	2	3	0	0	0	1	1	1	2	2	2	4	2	3	0	0	0	2	1	2	8	4	8	4	4	4
2	2	2	2	2	2	2	2	2	3	3	3	2	2	2	1	1	1	2	2	2	3	3	3	2	2	2	2	2	2	14	14	14	14	14	14
2	2	2	2	2	2	2	2	2	4	4	4	0	0	0	1	1	1	2	2	2	4	4	4	0	0	0	2	2	2	0	0	0	0	0	0
2	2	2	2	2	2	6	6	6	8	8	8	0	0	0	1	1	1	6	6	6	8	8	8	0	0	0	2	2	2	0	0	0	0	0	0
2	2	2	2	2	2	2	2	4	4	4	6	0	0	0	1	1	2	2	2	4	4	4	9	0	0	0	2	2	3	5	9	5	9	9	9
2	2	2	2	2	2	2	2	3	4	4	5	0	1	0	1	1	2	2	3	3	4	4	6	0	1	0	2	2	3	8	4	8	4	4	8
2	2	2	2	2	2	2	2	4	4	4	6	2	0	0	1	1	3	4	2	4	4	4	11	2	0	0	2	2	4	15	31	15	23	31	23
2	2	2	2	2	2	2	2	4	4	4	6	0	0	0	1	1	2	2	2	4	4	4	8	0	0	0	2	2	3	10	18	10	18	18	18
2	2	2	2	2	2	3	2	4	5	3	6	0	4	1	1	1	1	3	5	5	5	3	6	0	4	1	2	2	2	4	24	4	8	24	8
2	2	2	2	2	2	2	4	2	4	6	4	0	0	3	1	2	1	2	5	5	4	9	4	0	0	3	2	3	2	16	8	16	16	8	16
2	2	2	2	2	2	2	3	3	4	5	5	0	3	3	1	1	1	2	6	6	4	5	5	0	3	3	2	2	2	8	8	8	16	8	16
2	2	2	1	2	2	2	2	2	2	4	4	0	0	0	1	1	1	2	2	2	2	4	4	0	0	0	1	2	2	2	2	2	2	2	2
2	2	2	2	2	2	2	2	3	4	4	5	0	2	0	1	1	2	2	4	4	4	4	7	0	2	0	2	2	3	14	26	14	30	26	30
2	2	2	2	2	2	2	2	2	4	4	4	0	0	0	1	1	1	2	2	2	4	4	4	0	0	0	2	2	2	8	8	8	8	8	8
2	2	2	2	2	2	3	2	2	5	4	4	0	0	0	1	1	1	3	2	2	5	4	4	0	0	0	2	2	2	4	4	4	8	4	8
2	2	2	2	2	2	2	2	2	4	4	4	0	0	0	1	1	1	2	2	2	4	4	4	0	0	0	2	2	2	2	2	2	2	2	2
2	2	2	2	2	2	4	4	6	6	6	7	0	2	2	1	2	1	6	6	6	6	14	7	0	3	2	2	3	2	7	7	7	7	7	7
2	2	2	2	2	2	4	4	6	6	6	8	2	2	1	1	2	2	6	6	6	6	14	8	2	3	1	2	4	3	23	23	23	23	23	23
2	2	2	2	1	2	4	4	6	6	4	7	0	2	0	1	2	1	6	6	6	6	12	7	0	2	0	2	2	2	23	31	23	23	31	23
2	2	2	2	2	2	4	4	6	5	5	7	2	2	2	1	2	1	6	6	6	5	13	7	2	4	2	2	3	2	9	9	9	9	9	9
2	2	2	2	2	2	4	4	6	6	6	8	0	2	0	1	2	1	6	6	6	6	14	8	0	2	0	2	3	2	60	44	60	28	44	28
2	2	2	2	2	2	4	4	6	6	6	9	0	2	0	1	2	2	6	6	6	6	14	10	0	3	0	2	3	3	3	3	3	3	3	3
2	2	2	1	2	2	4	4	6	4	6	8	0	2	0	1	2	1	6	6	6	4	14	8	0	2	0	1	3	2	32	24	32	64	24	56
2	2	2	2	2	2	4	4	6	6	6	8	0	2	0	1	2	1	6	6	6	6	14	8	0	2	0	2	3	2	57	33	57	25	33	25
2	2	2	2	2	2	4	4	6	6	6	8	0	2	0	1	2	1	6	6	6	6	14	8	0	2	0	2	3	2	12	12	12	12	12	4
2	2	2	2	2	2	4	2	3	6	4	5	0	2	2	2	1	2	4	4	4	8	4	7	0	2	2	3	2	3	28	60	28	36	44	28
2	2	2	2	2	2	2	2	3	4	4	5	0	2	2	1	1	2	2	4	4	4	4	7	0	2	2	2	2	3	10	26	10	34	26	26
2	2	2	2	2	2	3	2	3	5	4	5	0	0	2	2	1	2	4	2	4	7	4	7	0	0	2	3	2	3	36	52	36	28	44	28
2	2	2	2	2	2	2	2	3	4	4	5	4	4	4	2	2	2	6	6	6	6	6	9	4	4	4	3	3	4	33	57	33	57	49	49
2	2	2	2	2	2	2	6	3	4	8	6	0	0	0	1	3	3	2	6	5	4	14	11	0	0	0	2	4	5	7	15	7	15	23	15
2	2	2	2	2	2	4	2	3	6	4	5	0	2	2	2	1	2	4	4	4	8	4	7	0	2	2	3	2	3	8	24	8	8	16	8
2	2	2	2	2	2	4	2	3	6	3	6	0	2	0	1	1	2	4	3	3	6	3	10	0	2	0	2	2	4	3	19	3	3	35	15
2	2	2	2	2	2	4	2	3	6	4	6	0	0	0	2	1	2	4	2	3	8	4	8	0	0	0	3	2	3	29	61	29	29	61	29
2	2	2	2	2	2	2	2	3	4	4	5	0	0	0	1	1	2	2	2	3	4	4	7	0	0	0	2	2	3	5	9	5	9	9	9
2	2	2	2	2	2	2	2	3	4	4	4	0	1	2	1	1	2	2	3	3	4	4	6	0	1	2	2	2	3	6	14	6	14	14	14
2	2	2	2	2	2	2	4	4	4	6	7	0	0	0	1	1	2	2	4	4	4	6	9	0	0	0	2	2	3	13	61	13	53	77	109
2	2	2	2	2	2	4	4	4	6	6	7	0	0	0	2	2	2	4	4	4	8	8	9	0	0	0	3	3	3	9	33	9	33	33	33
2	2	2	2	2	2	6	6	6	8	8	9	0	0	0	1	1	2	6	6	6	8	8	11	0	0	0	2	2	3	5	9	5	9	9	9
2	2	2	2	2	2	2	2	3	4	4	6	0	2	0	1	1	2	2	4	4	4	4	10	0	2	0	2	2	4	7	15	7	15	23	31
2	2	2	2	2	2	2	2	3	4	4	4	0	0	0	1	1	2	2	2	3	4	4	6	0	0	0	2	2	3	5	9	5	9	9	9
2	2	2	2	2	2	2	2	3	4	4	6	0	3	2	1	1	2	2	5	5	4	4	8	0	3	2	2	2	3	6	38	6	14	54	22
2	2	2	2	2	2	2	2	3	4	4	5	2	1	1	1	2	2	2	2	3	4	4	7	2	1	1	2	3	4	12	12	12	20	16	20
2	2	2	2	1	2	2	2	3	4	2	4	0	0	0	1	1	2	2	2	3	4	2	6	0	0	0	2	1	3	1	1	1	1	1	1
2	2	2	2	2	2	2	2	3	3	3	4	2	2	2	1	1	2	2	2	3	3	3	6	2	2	2	2	2	3	10	18	10	18	26	26
2	2	2	2	2	2	2	2	3	4	4	5	0	0	0	1	1	2	2	2	3	4	4	7	0	0	0	2	2	3	4	12	4	12	12	12
2	2	2	2	2	2	6	6	6	8	8	9	0	0	0	1	1	2	6	6	6	8	8	11	0	0	0	2	2	3	4	16	4	16	16	16
2	2	2	2	2	2	2	2	4	4	4	7	0	0	0	1	1	2	2	2	4	4	4	12	0	0	0	2	2	4	2	2	2	2	2	2
2	2	2	2	2	2	2	2	3	4	4	6	0	1	0	1	1	2	2	3	3	4	4	9	0	1	0	2	2	4	5	5	5	13	5	21
2	2	2	2	2	2	2	2	4	4	4	7	2	0	0	1	1	3	4	2	4	4	4	14	2	0	0	2	2	5	8	16	8	32	24	64
2	2	2	2	2	2	2	2	4	4	4	7	0	0	0	1	1	2	2	2	4	4	4	11	0	0	0	2	2	4	2	2	2	2	2	2
2	2	2	1	2	2	2	2	3	2	4	5	0	0	0	1	1	2	2	2	3	2	4	7	0	0	0	1	2	3	9	9	9	17	9	17
2	2	2	2	2	2	2	2	3	4	4	6	0	2	0	1	1	2	2	4	4	4	4	10	0	2	0	2	2	4	5	13	5	13	37	21
2	2	2	2	2	2	2	2	3	4	4	5	0	0	0	1	1	2	2	2	3	4	4	7	0	0	0	2	2	3	1	1	1	1	1	1
2	2	2	2	2	2	3	2	3	5	4	5	0	0	0	1	1	2	3	2	3	5	4	7	0	0	0	2	2	3	4	8	4	8	4	8
2	2	2	2	2	2	2	2	3	4	4	5	0	0	0	1	1	2	2	2	3	4	4	7	0	0	0	2	2	3	1	1	1	1	1	1
2	2	2	2	2	2	4	4	4	6	6	6	2	2	2	2	2	2	6	6	6	8	8	8	2	4	4	3	3	3	44	44	44	28	44	28
2	2	2	2	2	2	4	4	4	6	6	6	4	4	4	2	2	2	6	6	6	10	10	10	6	6	6	4	4	4	34	34	34	34	34	34
2	2	2	2	2	2	4	4	4	6	6	6	2	2	2	2	2	2	6	6	6	8	8	8	2	2	2	3	3	3	6	6	6	6	6	6
2	2	2	2	2	2	4	4	4	6	6	5	2	2	2	2	2	2	6	6	6	8	8	7	2	3	4	3	3	3	24	24	24	16	24	16
2	2	2	2	2	2	4	4	4	6	8	8	2	2	2	2	2	2	6	6	6	8	10	10	2	2	2	3	3	3	16	16	48	64	48	64
2	2	2	2	2	2	4	4	4	6	6	5	2	2	2	2	2	2	6	6	6	8	8	7	2	2	2	3	3	3	16	4	16	4	4	4
2	2	2	2	2	2	4	4	4	6	6	6	2	2	2	2	2	2	6	6	6	8	8	8	4	3	3	3	4	4	54	54	78	58	78	58
2	2	2	2	1	2	4	4	4	6	4	5	2	2	2	2	2	2	6	6	6	8	6	7	2	2	2	3	2	3	8	20	8	8	20	8
2	2	2	2	2	2	4	4	4	5	5	5	2	2	2	2	2	2	6	6	6	7	7	7	4	4	4	3	3	3	18	18	18	18	18	18
2	2	2	2	2	2	4	4	4	6	6	6	2	2	2	2	2	2	6	6	6	8	8	8	2	2	2	3	3	3	4	4	4	4	4	4
2	2	2	2	2	2	4	4	4	6	6	8	2	2	2	2	2	2	6	6	6	8	8	12	2	2	2	3	3	4	34	18	34	18	18	18
2	2	2	1	2	2	4	4	4	4	6	6	2	2	2	2	2	2	6	6	6	6	8	8	2	2	2	2	3	3	4	4	4	4	4	4
2	2	2	2	2	2	4	4	4	6	6	6	2	2	2	2	2	2	6	6	6	8	8	8	2	2	2	3	3	3	32	16	32	16	16	16
2	2	2	2	2	2	4	4	4	6	6	6	2	2	2	2	2	2	6	6	6	8	8	8	2	2	2	3	3	3	2	2	2	2	2	2
2	2	2	2	2	2	3	3	3	5	5	5	1	2	2	2	2	4	4	4	4	6	6	10	1	3	3	3	3	5	33	33	33	49	33	51
2	2	2	2	2	2	3	3	3	6	6	6	1	1	1	2	2	5	4	4	4	8	8	18	2	2	2	4	4	9	3	7	3	7	9	9
2	2	2	2	1	2	3	3	3	5	3	4	1	1	1	2	2	4	4	4	4	6	4	9	1	1	1	3	2	5	19	29	15	11	21	11
2	2	2	2	2	2	3	3	3	4	4	4	2	2	2	2	2	4	4	4	4	5	5	9	3	3	3	3	3	5	7	9	7	9	11	11
2	2	2	2	2	2	6	6	2	10	8	4	0	2	4	2	2	1	6	6	6	14	10	4	0	2	6	4	3	2	31	57	11	43	25	41
2	2	2	2	2	2	6	6	2	8	8	4	0	2	4	2	2	1	6	6	6	10	10	4	0	2	6	3	3	2	11	25	11	11	25	9
2	2	2	2	2	2	6	6	2	8	8	4	4	4	4	2	2	2	6	6	6	12	12	6	4	4	8	4	4	3	26	90	26	90	90	90
2	2	2	2	2	2	6	6	2	10	8	4	0	2	4	2	2	1	6	6	6	14	10	4	0	2	6	4	3	2	39	25	35	27	25	25
2	2	2	2	2	2	6	6	2	8	8	4	0	0	4	2	2	1	6	6	6	10	10	4	0	0	4	3	3	2	22	54	22	54	54	54
2	2	2	2	2	2	6	6	2	8	8	3	0	1	4	2	2	1	6	6	6	10	10	3	0	1	6	3	3	2	9	5	9	7	5	5
2	2	2	2	2	2	6	6	4	8	10	6	0	0	4	2	2	1	6	6	6	10	12	6	0	0	4	3	3	2	29	61	29	61	93	93
2	2	2	2	2	2	6	6	6	8	8	8	2	2	4	2	2	3	6	6	6	10	10	14	2	2	4	3	3	4	26	26	26	26	58	58
2	2	2	2	2	2	6	6	2	8	8	3	0	0	4	2	2	1	6	6	6	10	10	3	0	0	4	3	3	2	9	41	9	41	41	41
2	2	2	2	2	2	6	6	3	8	8	5	0	3	4	2	2	1	6	6	6	10	10	5	0	3	6	3	3	2	9	13	9	15	29	29
2	2	2	2	2	2	6	6	2	8	8	4	2	1	4	2	2	2	6	6	6	10	10	4	2	1	5	3	4	3	59	103	59	93	103	91
2	2	2	2	1	2	6	6	2	8	6	3	0	0	4	2	2	1	6	6	6	10	8	3	0	0	4	3	2	2	9	41	9	9	41	9
2	2	2	2	2	2	6	6	2	7	7	3	2	2	4	2	2	1	6	6	6	9	9	3	2	2	6	3	3	2	15	13	15	13	13	13
2	2	2	2	2	2	6	6	2	8	8	4	0	0	4	2	2	1	6	6	6	10	10	4	0	0	4	3	3	2	4	28	4	28	28	28
2	2	2	2	2	2	6	6	3	8	8	5	0	1	4	2	2	2	6	6	6	10	10	6	0	1	4	3	3	3	13	13	13	13	29	29
2	2	2	2	2	2	6	6	4	8	8	6	0	0	4	2	2	2	6	6	6	10	10	8	0	0	4	3	3	3	19	83	19	83	83	83
2	2	2	1	2	2	6	6	2	6	8	4	0	0	4	2	2	1	6	6	6	8	10	4	0	0	4	2	3	2	26	26	26	26	26	26
2	2	2	2	2	2	6	6	3	8	8	5	0	2	4	2	2	2	6	6	6	10	10	7	0	2	4	3	3	3	25	25	25	41	41	65
2	2	2	2	2	2	6	6	2	8	8	4	0	0	4	2	2	1	6	6	6	10	10	4	0	0	4	3	3	2	17	17	17	17	17	17
2	2	2	2	2	2	6	6	2	8	8	4	0	0	4	2	2	1	6	6	6	10	10	4	0	0	4	3	3	2	18	50	18	50	50	50
2	2	2	2	2	2	4	3	2	6	5	4	2	2	2	2	2	2	4	4	4	8	6	5	2	3	4	3	3	3	47	47	47	23	45	45
2	2	2	2	2	2	2	3	2	4	5	4	2	2	2	1	2	2	4	4	4	4	6	5	2	3	4	2	3	3	11	11	11	21	19	43
2	2	2	2	2	2	3	3	2	5	5	4	2	1	2	2	2	2	4	4	4	7	6	5	2	1	4	3	3	3	52	32	52	30	34	38
2	2	2	2	2	2	2	3	2	4	5	4	2	1	2	1	2	2	4	4	4	4	6	5	2	1	2	2	3	3	30	30	30	22	46	30
2	2	2	2	2	2	2	3	2	4	5	3	2	1	2	1	2	2	4	4	4	4	6	4	2	2	4	2	3	3	11	13	11	15	13	13
2	2	2	2	2	2	2	3	2	4	6	4	2	1	2	2	3	3	4	4	4	6	11	7	4	2	4	3	5	5	11	7	19	21	7	19
2	2	2	2	2	2	2	3	2	4	5	3	2	1	2	1	2	2	4	4	4	4	6	4	2	1	2	2	3	3	19	7	19	15	7	15
2	2	2	2	2	2	2	3	2	4	5	4	2	1	2	1	2	2	4	4	4	4	6	5	4	2	3	2	4	4	18	12	18	12	12	8
2	2	2	2	1	2	2	3	2	4	3	3	2	1	2	1	2	2	4	4	4	4	4	4	2	1	2	2	2	3	3	7	3	3	7	3
2	2	2	2	2	2	2	3	2	3	4	3	2	2	2	1	2	2	4	4	4	3	5	4	4	3	4	2	3	3	7	5	5	5	5	5
2	2	2	2	2	2	2	3	2	4	5	4	2	1	2	1	2	2	4	4	4	4	6	5	2	1	2	2	3	3	40	28	40	68	28	76
2	2	2	2	2	2	2	3	2	4	6	4	2	1	2	3	4	3	4	4	4	7	13	7	4	2	4	4	6	5	17	15	31	29	21	29
2	2	2	2	2	2	2	3	2	4	5	4	2	1	2	1	2	2	4	4	4	4	6	5	2	1	2	2	3	3	17	13	17	21	21	37
2	2	2	2	2	2	2	3	2	4	5	4	2	1	2	1	2	2	4	4	4	4	6	5	2	1	2	2	3	3	14	22	14	6	22	6
2	2	2	2	2	2	3	2	3	5	4	5	1	2	2	3	3	3	4	4	4	8	6	8	1	3	2	4	4	4	43	51	39	59	47	45
2	2	2	2	2	2	3	2	3	5	4	4	1	1	2	3	3	3	4	3	4	8	6	7	1	2	2	4	4	4	20	14	20	32	14	14
2	2	2	2	2	2	3	2	3	5	4	5	2	1	1	3	3	3	4	3	4	8	6	8	3	2	1	4	5	5	35	55	43	79	69	61
2	2	2	2	1	2	3	2	3	5	2	4	1	1	0	3	3	3	4	3	4	8	4	7	1	1	0	4	3	4	5	15	5	5	15	5
2	2	2	2	2	2	3	2	3	4	3	4	2	2	2	3	3	3	4	3	4	7	5	7	3	3	2	4	4	4	9	9	9	9	11	11
2	2	2	2	2	2	4	2	2	6	4	4	0	2	2	2	1	1	4	4	4	8	4	4	0	4	4	3	2	2	11	11	11	11	11	11
2	2	2	2	2	2	4	2	2	7	4	4	0	2	2	2	1	1	4	4	4	11	4	4	0	2	4	4	2	2	111	123	51	13	45	13
2	2	2	2	2	2	4	2	2	6	4	4	4	4	4	2	2	2	6	6	6	10	6	6	4	6	6	4	3	3	12	12	12	28	12	28
2	2	2	2	2	2	4	6	3	6	8	5	0	2	2	2	3	3	4	6	5	8	14	8	0	2	2	3	4	4	23	15	23	7	31	7
2	2	2	2	2	2	4	2	2	8	4	4	0	2	2	2	1	1	4	4	4	12	4	4	0	4	4	4	2	2	11	11	11	11	11	11
2	2	2	2	2	2	4	6	3	6	8	5	0	2	2	2	2	1	6	6	5	7	10	5	0	2	4	3	3	2	51	61	51	39	61	45
2	2	2	2	2	2	2	3	5	4	5	7	0	2	2	1	1	1	2	4	5	4	5	7	0	2	2	2	2	2	15	15	15	19	15	19
2	2	2	2	2	2	4	2	2	6	4	4	0	2	2	2	1	1	4	4	4	8	4	4	0	4	4	3	2	2	11	11	11	11	11	11
2	2	2	2	2	2	3	4	4	5	6	6	0	2	2	2	2	2	3	4	4	7	8	9	0	2	2	3	3	3	10	10	10	10	10	10
2	2	2	2	2	2	2	4	4	4	6	6	0	2	2	2	2	2	3	4	4	5	7	7	0	2	2	3	3	3	24	24	24	40	24	40
2	2	2	2	2	2	4	2	3	6	3	5	0	2	2	1	1	2	4	4	4	6	3	7	0	4	2	2	2	3	11	15	11	19	15	21
2	2	2	2	2	2	4	2	3	6	4	5	0	2	2	2	1	1	4	4	4	8	4	5	0	2	2	3	2	2	21	61	21	45	61	37
2	2	2	2	2	2	2	2	5	3	3	7	2	2	2	1	2	3	3	4	5	3	4	9	2	4	2	2	3	4	19	15	19	7	15	9
2	2	2	2	2	2	3	3	3	5	5	5	1	2	2	2	2	5	4	4	4	6	6	12	1	3	3	3	3	6	67	111	67	83	115	85
2	2	2	2	2	2	6	6	6	8	8	8	0	2	2	2	3	3	6	6	6	10	12	12	0	2	2	3	4	4	28	28	28	28	28	28
2	2	2	2	2	2	2	2	2	4	4	4	0	2	2	1	1	1	2	4	4	4	4	4	0	2	2	2	2	2	12	12	12	28	12	28
2	2	2	2	2	2	2	2	2	4	4	3	0	2	2	1	1	1	2	4	4	4	4	3	0	3	4	2	2	2	9	7	9	7	7	7
2	2	2	2	2	2	4	4	6	6	6	8	2	2	2	3	3	1	6	6	6	10	10	8	2	4	2	4	4	2	25	15	25	25	15	27
2	2	2	2	2	2	2	4	4	4	6	6	0	2	2	1	1	1	2	4	4	4	6	6	0	2	2	2	2	2	1	1	1	1	1	1
2	2	2	2	2	2	4	4	4	6	6	6	0	2	2	2	2	1	4	4	4	8	8	6	0	2	2	3	3	2	27	11	27	27	11	27
2	2	2	2	2	2	2	3	2	4	5	4	2	2	2	2	3	3	4	4	4	6	9	6	2	3	4	3	4	4	11	11	11	21	19	51
2	2	2	2	2	2	2	2	6	4	4	8	2	2	2	1	1	3	4	4	6	4	4	14	2	4	2	2	2	4	10	10	10	26	10	26
2	2	2	2	2	2	6	6	4	8	8	6	0	2	2	1	2	1	6	6	4	8	12	6	0	2	2	2	3	2	53	21	53	85	21	85
2	2	2	2	2	2	2	2	3	4	4	5	0	2	2	1	1	2	2	4	4	4	4	7	0	4	2	2	2	3	5	7	5	5	7	7
2	2	2	2	2	2	2	2	2	4	4	3	0	2	2	1	1	1	2	4	4	4	4	3	0	2	2	2	2	2	5	13	5	5	13	5
2	2	2	2	2	2	2	2	3	4	4	5	0	3	2	1	1	1	2	5	5	4	4	5	0	5	4	2	2	2	9	7	9	7	7	7
2	2	2	2	2	2	2	2	2	4	4	4	2	2	2	1	2	2	2	4	4	4	4	4	2	3	3	2	3	3	15	15	15	21	15	21
2	2	2	2	1	2	2	2	2	4	2	3	0	2	2	1	1	1	2	4	4	4	2	3	0	2	2	2	1	2	5	7	5	5	7	5
2	2	2	2	2	2	2	2	2	3	3	3	2	2	2	1	1	1	2	4	4	3	3	3	2	4	4	2	2	2	3	3	3	3	3	3
2	2	2	2	2	2	2	2	2	4	4	4	0	2	2	1	1	1	2	4	4	4	4	4	0	2	2	2	2	2	10	10	10	26	10	26
2	2	2	2	2	2	2	2	4	4	4	6	0	2	2	1	1	2	2	4	4	4	4	9	0	2	2	2	2	3	6	14	6	14	14	14
2	2	2	2	2	2	2	2	3	4	4	5	0	2	2	1	1	2	2	4	4	4	4	6	0	3	2	2	2	3	5	19	5	13	19	15
2	2	2	2	2	2	3	4	4	5	6	6	0	2	2	2	2	2	3	4	4	7	8	9	0	2	2	3	3	3	10	10	10	10	10	10
2	2	2	2	2	2	2	2	4	4	4	6	2	2	2	1	1	3	4	4	4	4	4	11	2	2	2	2	2	4	10	10	10	26	10	10
2	2	2	2	2	2	2	2	4	4	4	6	0	2	2	1	1	2	2	4	4	4	4	8	0	2	2	2	2	3	11	27	11	27	27	27
2	2	2	2	2	2	2	3	2	4	5	4	2	2	2	3	4	3	4	4	4	7	11	6	2	3	4	4	5	4	17	15	23	29	15	59
2	2	2	2	2	2	3	2	4	5	3	6	0	4	2	1	1	1	3	5	5	5	3	6	0	6	3	2	2	2	15	9	15	13	9	9
2	2	2	2	2	2	2	4	2	4	6	4	0	2	3	1	2	1	2	5	5	4	9	4	0	2	5	2	3	2	19	5	19	15	5	13
2	2	2	2	2	2	2	3	3	4	5	5	0	3	3	1	1	1	2	6	6	4	5	5	0	5	5	2	2	2	7	7	7	7	7	7
2	2	2	1	2	2	2	2	2	2	4	4	0	2	2	1	1	1	2	4	4	2	4	4	0	2	2	1	2	2	12	12	12	28	12	28
2	2	2	2	2	2	2	2	3	4	4	5	0	2	2	1	1	2	2	4	4	4	4	7	0	4	2	2	2	3	1	3	1	1	3	3
2	2	2	2	2	2	6	6	6	8	8	8	0	2	2	1	1	1	6	6	6	8	8	8	0	2	2	2	2	2	1	1	1	1	1	1
2	2	2	2	2	2	2	2	2	4	4	4	0	2	2	1	1	1	2	4	4	4	4	4	0	2	2	2	2	2	9	9	9	9	9	9
2	2	2	2	2	2	3	2	2	5	4	4	0	2	2	1	1	1	3	4	4	5	4	4	0	2	2	2	2	2	5	5	5	13	5	13
2	2	2	2	2	2	2	2	2	4	4	4	0	2	2	1	1	1	2	4	4	4	4	4	0	2	2	2	2	2	10	10	10	10	10	10
2	2	2	2	2	2	3	2	4	5	4	6	0	3	2	1	2	2	3	5	5	5	5	9	0	5	3	2	3	3	25	17	25	21	17	21
2	2	2	2	2	2	3	2	2	5	4	4	4	4	4	2	2	2	6	6	6	9	6	6	4	4	6	4	3	3	30	54	30	14	54	14
2	2	2	2	2	2	4	2	2	7	4	4	0	2	2	2	1	1	4	4	4	11	4	4	0	2	4	4	2	2	47	43	27	13	21	13
2	2	2	2	2	2	3	2	5	4	3	7	2	2	2	2	2	3	4	3	5	6	4	9	2	2	2	3	3	4	25	25	25	17	25	17
2	2	2	2	2	2	3	2	2	5	4	4	0	0	2	2	1	1	4	2	4	7	4	4	0	0	2	3	2	2	26	30	26	14	30	14
2	2	2	2	2	2	3	2	2	5	4	3	0	1	2	2	1	1	4	3	4	7	4	3	0	1	4	3	2	2	9	5	9	9	5	9
2	2	2	2	2	2	3	4	4	5	6	6	0	0	2	2	1	1	4	4	4	7	6	6	0	0	2	3	2	2	21	9	21	13	9	13
2	2	2	2	2	2	3	3	2	5	5	4	2	1	2	2	3	3	4	4	4	9	9	6	2	1	4	4	4	4	30	18	30	12	12	12
2	2	2	2	2	2	3	2	6	5	4	8	2	2	2	2	1	3	4	4	6	7	4	14	2	2	2	3	2	4	26	30	30	14	30	14
2	2	2	2	2	2	3	2	3	5	4	5	0	2	2	2	1	2	4	4	4	7	4	7	0	2	2	3	2	3	10	6	10	18	6	18
2	2	2	2	2	2	3	2	2	5	4	3	0	0	2	2	1	1	4	2	4	7	4	3	0	0	2	3	2	2	18	6	18	10	6	10
2	2	2	2	2	2	3	2	3	5	4	5	0	3	2	2	1	1	4	5	5	7	4	5	0	3	4	3	2	2	9	5	9	9	5	9
2	2	2	2	2	2	3	2	2	5	4	4	2	1	2	2	2	2	4	2	4	7	4	4	2	1	3	3	3	3	56	38	56	26	36	26
2	2	2	2	1	2	3	2	2	5	2	3	0	0	2	2	1	1	4	2	4	7	2	3	0	0	2	3	1	2	10	6	10	6	6	6
2	2	2	2	2	2	3	2	2	4	3	3	2	2	2	2	1	1	4	2	4	6	3	3	2	2	4	3	2	2	7	7	7	5	5	5
2	2	2	2	2	2	3	2	2	5	4	4	0	0	2	2	1	1	4	2	4	7	4	4	0	0	2	3	2	2	24	36	24	12	36	12
2	2	2	2	2	2	3	2	3	5	4	5	0	1	2	2	1	2	4	3	4	7	4	6	0	1	2	3	2	3	10	6	10	10	6	10
2	2	2	2	2	2	3	2	4	5	4	6	0	0	2	2	1	2	4	2	4	7	4	8	0	0	2	3	2	3	21	45	21	21	45	21
2	2	2	2	2	2	3	2	4	6	3	6	0	4	2	2	1	1	4	5	5	8	3	6	0	4	3	3	2	2	16	26	16	30	26	26
2	2	2	2	2	2	3	4	2	5	6	4	0	0	3	2	2	1	4	5	5	7	9	4	0	0	5	3	3	2	57	19	57	19	19	19
2	2	2	2	2	2	3	3	3	5	5	5	0	3	3	2	1	1	4	6	6	7	5	5	0	3	5	3	2	2	19	5	19	5	5	5
2	2	2	1	2	2	3	2	2	3	4	4	0	0	2	2	1	1	4	2	4	5	4	4	0	0	2	2	2	2	26	30	26	14	30	14
2	2	2	2	2	2	3	2	3	5	4	5	0	2	2	2	1	2	4	4	4	7	4	7	0	2	2	3	2	3	22	42	22	14	42	14
2	2	2	2	2	2	3	2	2	5	4	4	0	0	2	2	1	1	4	2	4	7	4	4	0	0	2	3	2	2	27	11	27	11	11	7
2	2	2	2	2	2	3	2	2	6	4	4	0	0	2	2	1	1	4	2	4	8	4	4	0	0	2	3	2	2	3	3	3	3	3	3
2	2	2	2	2	2	3	2	2	5	4	4	0	0	2	2	1	1	4	2	4	7	4	4	0	0	2	3	2	2	10	10	10	10	10	10
2	2	2	2	2	2	4	2	2	6	4	4	4	4	4	2	2	2	6	6	6	10	6	6	4	6	6	4	3	3	4	4	4	4	4	4
2	2	2	2	2	2	4	2	3	6	4	5	4	4	4	2	2	2	6	6	6	10	6	7	4	4	4	4	3	3	16	56	16	40	56	40
2	2	2	2	2	2	2	2	5	3	3	7	4	4	4	2	2	3	6	6	6	5	6	11	6	6	4	3	4	5	10	30	10	30	30	30
2	2	2	2	2	2	6	6	6	8	8	8	4	4	4	2	3	3	6	6	6	12	14	14	4	4	4	4	5	5	66	50	66	50	50	50
2	2	2	2	2	2	2	2	2	4	4	4	4	4	4	2	2	2	6	6	6	6	6	6	4	4	4	3	3	3	2	2	2	2	2	2
2	2	2	2	2	2	2	2	2	4	4	3	4	4	4	2	2	2	6	6	6	6	6	5	4	5	6	3	3	3	8	16	8	16	16	16
2	2	2	2	2	2	4	4	6	6	6	8	4	4	4	3	3	2	6	6	6	12	12	10	6	6	4	5	5	3	28	12	28	12	12	12
2	2	2	2	2	2	2	4	4	4	6	6	4	4	4	2	2	2	6	6	6	6	8	8	4	4	4	3	3	3	32	32	32	16	32	16
2	2	2	2	2	2	4	4	4	6	6	6	4	4	4	2	2	2	6	6	6	10	10	8	4	4	4	4	4	3	32	48	32	48	48	48
2	2	2	2	2	2	2	2	6	4	4	8	4	4	4	2	2	3	6	6	6	6	6	16	6	6	4	3	3	5	26	26	26	26	26	26
2	2	2	2	2	2	6	6	4	8	8	6	4	4	4	2	2	2	6	6	6	10	14	8	4	4	4	3	4	3	16	32	16	16	32	16
2	2	2	2	2	2	2	2	3	4	4	5	4	4	4	2	2	2	6	6	6	6	6	9	4	6	4	3	3	4	10	10	10	18	10	18
2	2	2	2	2	2	2	2	2	4	4	3	4	4	4	2	2	2	6	6	6	6	6	5	4	4	4	3	3	3	16	16	16	16	16	16
2	2	2	2	2	2	2	2	3	4	4	5	4	4	4	2	2	2	6	6	6	6	6	7	4	7	6	3	3	3	8	24	8	16	24	16
2	2	2	2	2	2	2	2	2	4	4	4	4	4	4	2	2	2	6	6	6	6	6	6	6	5	5	3	4	4	46	46	46	82	46	82
2	2	2	2	1	2	2	2	2	4	2	3	4	4	4	2	2	2	6	6	6	6	4	5	4	4	4	3	2	3	8	16	8	4	16	4
2	2	2	2	2	2	2	2	2	3	3	3	4	4	4	2	2	2	6	6	6	5	5	5	6	6	6	3	3	3	14	14	14	14	14	14
2	2	2	2	2	2	2	2	2	4	4	4	4	4	4	2	2	2	6	6	6	6	6	6	4	4	4	3	3	3	0	0	0	0	0	0
2	2	2	2	2	2	2	2	4	4	4	6	4	4	4	2	2	2	6	6	6	6	6	11	4	4	4	3	3	4	17	25	17	25	25	25
2	2	2	2	2	2	2	2	3	4	4	5	4	4	4	2	2	2	6	6	6	6	6	8	4	5	4	3	3	4	8	8	8	8	8	8
2	2	2	2	2	2	2	2	4	4	4	6	4	4	4	2	2	3	6	6	6	6	6	13	6	4	4	3	3	5	15	31	15	23	31	23
2	2	2	2	2	2	2	2	4	4	4	6	4	4	4	2	2	2	6	6	6	6	6	10	4	4	4	3	3	4	34	18	34	18	18	18
2	2	2	2	2	2	3	2	4	5	3	6	4	4	4	2	2	2	6	6	6	7	5	8	4	8	5	3	3	3	8	8	8	8	8	8
2	2	2	2	2	2	2	4	2	4	6	4	4	4	4	2	2	2	6	6	6	6	11	6	4	4	7	3	4	3	16	8	16	16	8	16
2	2	2	2	2	2	2	3	3	4	5	5	4	4	4	2	2	2	6	6	6	6	7	7	4	7	7	3	3	3	24	24	24	16	24	16
2	2	2	1	2	2	2	2	2	2	4	4	4	4	4	2	2	2	6	6	6	4	6	6	4	4	4	2	3	3	2	2	2	2	2	2
2	2	2	2	2	2	2	2	3	4	4	5	4	4	4	2	2	2	6	6	6	6	6	9	4	6	4	3	3	4	14	30	14	54	30	54
2	2	2	2	2	2	2	2	2	4	4	4	4	4	4	2	2	2	6	6	6	6	6	6	4	4	4	3	3	3	32	16	32	16	16	16
2	2	2	2	2	2	3	2	2	5	4	4	4	4	4	2	2	2	6	6	6	7	6	6	4	4	4	3	3	3	8	16	8	24	16	24
2	2	2	2	2	2	2	2	2	4	4	4	4	4	4	2	2	2	6	6	6	6	6	6	4	4	4	3	3	3	2	2	2	2	2	2
2	2	2	2	2	2	4	6	3	6	8	5	0	2	2	2	3	3	4	6	5	8	14	8	0	2	2	3	4	4	7	7	7	7	15	7
2	2	2	2	2	2	2	6	3	4	8	5	0	0	0	1	3	3	2	6	5	4	14	8	0	0	0	2	4	4	24	4	24	8	12	8
2	2	2	2	2	2	2	6	3	4	8	4	0	1	2	1	3	3	2	6	5	4	14	7	0	1	2	2	4	4	1	1	1	1	1	1
2	2	2	2	2	2	2	6	3	4	8	6	0	2	0	1	3	3	2	6	5	4	14	11	0	2	0	2	4	5	5	5	5	5	5	5
2	2	2	2	2	2	2	6	3	4	8	4	0	0	0	1	3	3	2	6	5	4	14	7	0	0	0	2	4	4	13	3	13	9	3	3
2	2	2	2	2	2	2	6	3	4	8	6	0	3	2	1	3	3	2	6	5	4	14	9	0	3	2	2	4	4	5	5	5	5	5	5
2	2	2	2	2	2	2	6	3	4	8	5	2	1	1	1	3	3	2	6	5	4	14	8	2	1	1	2	5	5	10	6	10	14	6	14
2	2	2	2	1	2	2	6	3	4	6	4	0	0	0	1	3	3	2	6	5	4	12	7	0	0	0	2	3	4	1	1	1	1	1	1
2	2	2	2	2	2	2	6	3	3	7	4	2	2	2	1	3	3	2	6	5	3	13	7	2	2	2	2	4	4	5	5	5	5	5	3
2	2	2	2	2	2	2	6	3	4	8	5	0	0	0	1	3	3	2	6	5	4	14	8	0	0	0	2	4	4	6	10	6	6	18	6
2	2	2	2	2	2	2	6	3	4	8	6	0	1	0	1	3	3	2	6	5	4	14	10	0	1	0	2	4	5	3	3	3	7	3	11
2	2	2	1	2	2	2	6	3	2	8	5	0	0	0	1	3	3	2	6	5	2	14	8	0	0	0	1	4	4	8	4	8	8	4	8
2	2	2	2	2	2	2	6	3	4	8	6	0	2	0	1	3	3	2	6	5	4	14	11	0	2	0	2	4	5	3	3	3	3	3	3
2	2	2	2	2	2	2	6	3	4	8	5	0	0	0	1	3	3	2	6	5	4	14	8	0	0	0	2	4	4	21	29	21	21	29	21
2	2	2	2	2	2	2	6	3	4	8	5	0	0	0	1	3	3	2	6	5	4	14	8	0	0	0	2	4	4	30	30	30	6	46	6
2	2	2	2	2	2	4	6	3	6	8	4	0	1	2	2	2	1	6	6	5	7	10	4	0	1	4	3	3	2	27	17	27	15	17	13
2	2	2	2	2	2	4	6	3	6	8	6	0	3	2	2	2	1	6	6	5	7	10	6	0	3	4	3	3	2	5	7	5	5	7	3
2	2	2	2	1	2	4	6	3	6	6	4	0	0	2	2	2	1	6	6	5	7	8	4	0	0	2	3	2	2	41	19	41	25	19	25
2	2	2	2	2	2	4	6	3	5	7	4	2	2	2	2	2	1	6	6	5	6	9	4	2	2	4	3	3	2	9	9	9	9	7	7
2	2	2	1	2	2	6	6	6	6	8	8	0	0	0	2	2	2	6	6	6	8	10	11	0	0	0	2	3	3	26	26	26	18	26	18
2	2	2	2	2	2	6	6	6	8	8	8	0	0	0	2	2	2	6	6	6	10	10	11	0	0	0	3	3	3	10	26	10	18	26	18
2	2	2	2	2	2	3	4	4	5	6	5	0	1	2	2	2	2	3	4	4	7	8	8	0	1	2	3	3	3	6	6	6	6	6	6
2	2	2	2	2	2	3	4	4	5	8	8	0	0	0	2	2	2	3	4	4	7	10	11	0	0	0	3	3	3	19	23	99	107	23	43
2	2	2	2	2	2	3	4	4	5	6	5	0	0	0	2	2	2	3	4	4	7	8	8	0	0	0	3	3	3	17	9	17	13	9	13
2	2	2	2	1	2	3	4	4	5	4	5	0	0	0	2	2	2	3	4	4	7	6	8	0	0	0	3	2	3	15	7	15	7	7	7
2	2	2	2	2	2	3	4	4	4	5	5	2	2	2	2	2	2	3	4	4	6	7	8	2	2	2	3	3	3	31	23	31	25	17	25
2	2	2	2	2	2	3	4	4	5	6	8	0	0	0	2	2	2	3	4	4	7	8	14	0	0	0	3	3	4	2	2	2	2	2	2
2	2	2	2	2	2	3	4	4	6	8	8	0	0	0	2	2	2	3	4	4	10	12	14	0	0	0	4	4	4	4	4	4	8	4	8
2	2	2	2	2	2	3	4	4	5	6	8	2	0	0	2	2	3	4	4	4	7	8	16	2	0	0	3	3	5	15	7	15	7	7	15
2	2	2	1	2	2	3	4	4	3	6	6	0	0	0	2	2	2	3	4	4	5	8	9	0	0	0	2	3	3	21	33	21	17	33	17
2	2	2	2	2	2	3	4	4	5	6	6	0	0	0	2	2	2	3	4	4	7	8	9	0	0	0	3	3	3	39	23	39	31	23	31
2	2	2	2	2	2	3	4	4	5	6	6	0	0	0	2	2	2	3	4	4	7	8	9	0	0	0	3	3	3	23	7	23	15	7	15
2	2	2	2	2	2	2	4	4	4	6	6	0	0	0	2	2	2	3	4	4	5	7	7	0	0	0	3	3	3	0	0	0	0	0	0
2	2	2	2	2	2	2	4	4	4	8	8	0	0	0	2	2	2	3	4	4	5	9	9	0	0	0	3	3	3	32	32	48	24	48	24
2	2	2	2	2	2	2	4	4	4	6	5	0	0	0	2	2	2	3	4	4	5	7	6	0	0	0	3	3	3	24	16	24	16	4	4
2	2	2	2	1	2	2	4	4	4	4	5	0	0	0	2	2	2	3	4	4	5	5	6	0	0	0	3	2	3	16	32	8	4	28	4
2	2	2	2	2	2	2	4	4	3	5	5	2	2	2	2	2	2	3	4	4	4	6	6	2	2	2	3	3	3	16	16	12	12	12	12
2	2	2	2	2	2	2	4	4	4	6	6	0	0	0	2	2	2	3	4	4	5	7	7	0	0	0	3	3	3	48	48	48	48	48	48
2	2	2	1	2	2	2	4	4	2	6	6	0	0	0	2	2	2	3	4	4	3	7	7	0	0	0	2	3	3	0	0	0	0	0	0
2	2	2	2	2	2	2	4	4	4	6	6	0	0	0	2	2	2	3	4	4	5	7	7	0	0	0	3	3	3	48	32	48	32	32	32
2	2	2	2	2	2	2	4	4	4	6	6	0	0	0	2	2	2	3	4	4	5	7	7	0	0	0	3	3	3	48	32	48	32	32	32
2	2	2	2	2	2	4	2	3	8	3	6	0	2	0	2	1	2	4	3	3	10	3	8	0	2	0	3	2	3	16	24	16	32	32	36
2	2	2	2	2	2	4	2	3	6	3	5	0	2	0	1	1	2	4	3	3	6	3	7	0	2	0	2	2	3	24	24	24	24	24	24
2	2	2	2	2	2	4	2	3	6	3	4	0	2	2	1	1	2	4	3	3	6	3	6	0	3	2	2	2	3	7	7	7	7	7	9
2	2	2	2	2	2	4	2	3	6	3	6	0	2	0	1	1	2	4	4	4	6	3	10	0	4	0	2	2	4	22	24	22	14	36	26
2	2	2	2	2	2	4	2	3	6	3	4	0	2	0	1	1	2	4	3	3	6	3	6	0	2	0	2	2	3	24	12	24	8	12	8
2	2	2	2	2	2	4	2	3	6	3	6	0	3	2	1	1	2	4	5	5	6	3	8	0	5	2	2	2	3	5	13	5	5	25	15
2	2	2	2	2	2	4	2	3	6	3	5	2	2	1	1	2	2	4	3	3	6	3	7	2	3	1	2	3	4	11	11	11	5	11	7
2	2	2	2	1	2	4	1	3	6	1	4	0	2	0	1	1	2	4	3	3	6	1	6	0	2	0	2	1	3	3	5	3	3	5	3
2	2	2	2	2	2	4	1	3	5	2	4	2	2	2	1	1	2	4	3	3	5	2	6	2	4	2	2	2	3	5	7	5	5	7	7
2	2	2	2	2	2	4	2	3	6	3	5	0	2	0	1	1	2	4	3	3	6	3	7	0	2	0	2	2	3	16	36	16	12	36	12
2	2	2	2	2	2	4	2	3	6	3	6	0	2	0	1	1	2	4	3	3	6	3	9	0	3	0	2	2	4	7	27	7	7	29	17
2	2	2	2	2	2	4	4	3	6	5	5	0	2	3	1	2	2	4	5	5	6	8	7	0	2	3	2	3	3	4	12	4	4	12	4
2	2	2	2	2	2	4	3	3	6	4	6	0	3	3	1	1	2	4	6	6	6	4	8	0	5	3	2	2	3	9	13	9	13	25	27
2	2	2	1	2	2	4	2	3	4	3	5	0	2	0	1	1	2	4	3	3	4	3	7	0	2	0	1	2	3	16	12	16	24	12	24
2	2	2	2	2	2	4	2	3	6	3	6	0	2	0	1	1	2	4	4	4	6	3	10	0	4	0	2	2	4	18	24	18	22	44	58
2	2	2	2	2	2	4	2	3	6	3	5	0	2	0	1	1	2	4	3	3	6	3	7	0	2	0	2	2	3	11	9	11	9	9	9
2	2	2	2	2	2	4	2	3	7	3	5	0	2	0	1	1	2	4	3	3	7	3	7	0	2	0	2	2	3	7	9	7	11	9	11
2	2	2	2	2	2	4	2	3	6	3	5	0	2	0	1	1	2	4	3	3	6	3	7	0	2	0	2	2	3	6	6	6	6	6	6
2	2	2	2	2	2	2	6	2	4	8	4	0	0	0	1	4	1	2	6	2	4	20	4	0	0	0	2	5	2	1	1	1	1	1	1
2	2	2	2	2	2	2	6	4	4	10	6	0	0	0	1	4	1	2	6	4	4	22	6	0	0	0	2	5	2	15	7	15	23	7	15
2	2	2	2	2	2	2	6	2	4	8	3	0	0	0	1	4	1	2	6	2	4	20	3	0	0	0	2	5	2	8	4	8	8	4	8
2	2	2	2	2	2	2	6	2	4	8	4	2	1	1	1	4	2	2	6	2	4	20	4	2	1	1	2	6	3	4	4	8	8	4	8
2	2	2	2	1	2	2	6	2	4	6	3	0	0	0	1	4	1	2	6	2	4	18	3	0	0	0	2	4	2	8	4	8	8	4	8
2	2	2	2	2	2	2	6	2	3	7	3	2	2	2	1	4	1	2	6	2	3	19	3	2	2	2	2	5	2	10	6	14	14	6	10
2	2	2	2	2	2	2	6	2	4	8	4	0	0	0	1	4	1	2	6	2	4	20	4	0	0	0	2	5	2	1	1	1	1	1	1
2	2	2	2	2	2	3	6	4	5	7	6	0	4	1	1	4	1	3	6	5	5	19	6	0	4	1	2	5	2	1	1	1	1	1	1
2	2	2	1	2	2	2	6	2	2	8	4	0	0	0	1	4	1	2	6	2	2	20	4	0	0	0	1	5	2	1	1	1	1	1	1
2	2	2	2	2	2	2	6	2	4	8	4	0	0	0	1	4	1	2	6	2	4	20	4	0	0	0	2	5	2	1	1	1	1	1	1
2	2	2	2	2	2	2	6	2	4	8	4	0	0	0	1	4	1	2	6	2	4	20	4	0	0	0	2	5	2	0	0	0	0	0	0
2	2	2	2	2	2	4	2	3	6	4	5	0	0	0	2	1	1	4	2	3	8	4	5	0	0	0	3	2	2	8	20	8	44	20	44
2	2	2	2	2	2	4	2	3	6	4	4	0	1	2	2	1	1	4	3	3	8	4	4	0	1	2	3	2	2	17	17	17	17	17	17
2	2	2	2	2	2	4	4	6	8	6	9	2	2	0	3	3	1	6	6	6	14	10	9	2	2	0	5	4	2	31	31	31	31	31	31
2	2	2	2	2	2	6	6	6	10	8	9	0	0	0	2	1	1	6	6	6	12	8	9	0	0	0	3	2	2	15	15	15	47	15	47
2	2	2	2	2	2	4	2	3	6	4	6	0	2	0	2	1	2	4	4	4	8	4	8	0	2	0	3	2	3	13	21	13	21	29	21
2	2	2	2	2	2	4	2	3	6	4	4	0	0	0	2	1	1	4	2	3	8	4	4	0	0	0	3	2	2	7	7	7	15	7	15
2	2	2	2	2	2	4	2	3	6	4	6	0	3	2	2	1	1	4	5	5	8	4	6	0	3	2	3	2	2	5	13	5	13	29	13
2	2	2	2	2	2	4	2	3	6	4	5	2	1	1	2	2	2	4	2	3	8	4	5	2	1	1	3	3	3	72	76	64	124	72	124
2	2	2	2	1	2	4	2	3	6	2	4	0	0	0	2	1	1	4	2	3	8	2	4	0	0	0	3	1	2	7	15	7	7	15	7
2	2	2	2	2	2	4	2	3	5	3	4	2	2	2	2	1	1	4	2	3	7	3	4	2	2	2	3	2	2	25	29	17	13	25	13
2	2	2	2	2	2	4	2	3	6	4	5	0	0	0	2	1	1	4	2	3	8	4	5	0	0	0	3	2	2	30	94	30	50	94	50
2	2	2	2	2	2	4	2	4	6	4	7	0	0	0	2	1	2	4	2	4	8	4	10	0	0	0	3	2	3	7	15	7	7	15	7
2	2	2	2	2	2	4	2	3	6	4	6	0	1	0	2	1	2	4	3	3	8	4	7	0	1	0	3	2	3	7	15	7	15	31	15
2	2	2	2	2	2	4	2	4	6	4	7	2	0	0	2	1	3	4	2	4	8	4	12	2	0	0	3	2	4	37	45	37	21	61	21
2	2	2	2	2	2	4	3	3	6	5	6	0	3	3	2	1	1	4	6	6	8	5	6	0	3	3	3	2	2	27	15	27	23	23	23
2	2	2	1	2	2	4	2	3	4	4	5	0	0	0	2	1	1	4	2	3	6	4	5	0	0	0	2	2	2	24	44	24	60	44	60
2	2	2	2	2	2	4	2	3	6	4	6	0	2	0	2	1	2	4	4	4	8	4	8	0	2	0	3	2	3	7	15	7	15	31	15
2	2	2	2	2	2	4	2	3	6	4	5	0	0	0	2	1	1	4	2	3	8	4	5	0	0	0	3	2	2	19	51	19	35	51	35
2	2	2	2	2	2	4	2	3	6	4	5	0	0	0	2	1	1	4	2	3	8	4	5	0	0	0	3	2	2	6	2	6	6	2	6
2	2	2	2	2	2	2	2	5	3	3	7	2	2	0	1	2	3	3	3	5	3	4	9	2	2	0	2	3	4	10	22	10	6	22	6
2	2	2	2	2	2	2	2	5	3	3	6	2	2	2	1	2	3	3	3	5	3	4	8	2	3	2	2	3	4	10	10	10	4	10	6
2	2	2	2	2	2	4	4	6	5	5	11	2	2	0	3	3	3	6	6	6	9	10	13	4	4	0	4	5	4	17	29	17	23	29	25
2	2	2	2	2	2	2	4	5	3	5	9	2	2	0	1	2	3	3	4	5	3	6	11	2	2	0	2	3	4	23	55	23	31	79	47
2	2	2	2	2	2	4	4	5	5	5	9	2	2	0	2	2	3	4	4	5	7	8	11	2	2	0	3	4	4	21	45	21	29	45	29
2	2	2	2	2	2	2	2	6	3	3	11	2	2	0	1	2	3	4	4	6	3	4	19	4	4	0	2	3	6	16	48	16	16	48	16
2	2	2	2	2	2	2	2	5	3	3	6	2	2	0	1	2	3	3	3	5	3	4	8	2	2	0	2	3	4	4	4	4	8	4	8
2	2	2	2	2	2	2	2	5	3	3	8	2	3	2	1	2	3	3	5	5	3	4	10	2	5	2	2	3	4	10	10	10	4	10	6
2	2	2	2	2	2	2	2	5	3	3	7	2	2	1	1	2	3	3	3	5	3	4	9	4	3	1	2	4	5	8	30	8	10	100	38
2	2	2	2	1	2	2	1	5	3	1	6	2	2	0	1	2	3	3	3	5	3	2	8	2	2	0	2	2	4	6	10	6	4	10	4
2	2	2	2	2	2	1	1	5	2	2	6	2	2	2	1	2	3	3	3	5	2	3	8	4	4	2	2	3	4	3	5	3	5	9	11
2	2	2	2	2	2	2	2	5	3	3	7	2	2	0	1	2	3	3	3	5	3	4	9	2	2	0	2	3	4	24	44	24	20	44	20
2	2	2	2	2	2	2	2	5	3	3	9	2	2	0	1	2	3	3	3	5	3	4	13	2	2	0	2	3	5	7	7	7	15	15	23
2	2	2	2	2	2	3	1	5	4	2	9	2	4	1	1	2	3	3	5	5	4	3	11	2	6	1	2	3	4	23	25	21	13	25	13
2	2	2	2	2	2	2	4	5	3	5	7	2	2	3	1	2	3	3	5	5	3	9	9	2	2	3	2	4	4	13	13	13	21	13	21
2	2	2	2	2	2	2	3	5	3	4	8	2	3	3	1	2	3	3	6	6	3	5	10	2	5	3	2	3	4	8	10	8	4	10	6
2	2	2	1	2	2	1	2	5	1	3	7	2	2	0	1	2	3	3	3	5	1	4	9	2	2	0	1	3	4	6	6	6	10	6	10
2	2	2	2	2	2	2	2	5	3	3	7	2	2	0	1	2	3	3	3	5	3	4	9	2	2	0	2	3	4	7	7	7	15	7	15
2	2	2	2	2	2	3	2	5	4	3	7	2	2	0	1	2	3	3	3	5	4	4	9	2	2	0	2	3	4	5	5	5	5	5	5
2	2	2	2	2	2	2	2	5	3	3	7	2	2	0	1	2	3	3	3	5	3	4	9	2	2	0	2	3	4	0	0	0	0	0	0
2	2	2	2	1	2	3	3	3	5	3	4	1	1	1	2	2	5	4	4	4	6	4	11	1	1	1	3	2	6	19	33	15	11	21	11
2	2	2	2	2	2	3	3	3	4	4	4	2	2	2	2	2	5	4	4	4	5	5	11	3	3	3	3	3	6	13	17	13	21	25	25
2	2	2	2	2	2	6	6	6	8	8	8	0	0	0	2	3	3	6	6	6	10	12	12	0	0	0	3	4	4	6	6	6	6	6	6
2	2	2	2	2	2	6	6	6	8	8	7	0	1	2	2	3	3	6	6	6	10	12	11	0	1	2	3	4	4	16	16	16	16	16	16
2	2	2	2	2	2	6	6	6	8	10	10	0	0	0	2	3	3	6	6	6	10	14	14	0	0	0	3	4	4	16	16	16	32	16	32
2	2	2	2	2	2	6	6	6	10	10	10	0	0	0	2	3	3	6	6	6	14	16	14	0	0	0	4	5	4	36	20	36	20	20	20
2	2	2	2	2	2	6	6	6	8	8	7	0	0	0	2	3	3	6	6	6	10	12	11	0	0	0	3	4	4	16	4	16	4	4	4
2	2	2	2	2	2	6	6	6	8	8	8	2	1	1	2	3	3	6	6	6	10	12	12	2	1	1	3	5	5	34	34	34	58	34	58
2	2	2	2	1	2	6	6	6	8	6	7	0	0	0	2	3	3	6	6	6	10	10	11	0	0	0	3	3	4	8	4	8	8	4	8
2	2	2	2	2	2	6	6	6	7	7	7	2	2	2	2	3	3	6	6	6	9	11	11	2	2	2	3	4	4	18	18	18	18	18	18
2	2	2	2	2	2	6	6	6	8	8	8	0	0	0	2	3	3	6	6	6	10	12	12	0	0	0	3	4	4	4	4	4	4	4	4
2	2	2	2	2	2	6	6	6	8	8	10	0	0	0	2	3	3	6	6	6	10	12	16	0	0	0	3	4	5	34	18	34	18	18	18
2	2	2	1	2	2	6	6	6	6	8	8	0	0	0	2	3	3	6	6	6	8	12	12	0	0	0	2	4	4	4	4	4	4	4	4
2	2	2	2	2	2	6	6	6	8	8	8	0	0	0	2	3	3	6	6	6	10	12	12	0	0	0	3	4	4	32	16	32	16	16	16
2	2	2	2	2	2	6	6	6	8	8	8	0	0	0	2	3	3	6	6	6	10	12	12	0	0	0	3	4	4	2	2	2	2	2	2
2	2	2	2	2	2	2	2	2	4	4	3	0	1	2	1	1	1	2	3	3	4	4	3	0	1	2	2	2	2	8	8	8	16	8	16
2	2	2	2	2	2	4	4	6	6	6	8	2	2	0	3	3	1	6	6	6	10	10	8	2	2	0	4	4	2	28	16	28	16	16	16
2	2	2	2	2	2	2	4	4	4	6	6	0	0	0	1	1	1	2	4	4	4	6	6	0	0	0	2	2	2	8	8	8	8	8	8
2	2	2	2	2	2	4	4	4	6	6	6	0	0	0	2	2	1	4	4	4	8	8	6	0	0	0	3	3	2	4	4	4	4	4	4
2	2	2	2	2	2	2	3	2	4	5	4	2	1	2	2	3	3	4	4	4	6	9	6	2	1	2	3	4	4	26	30	26	22	30	22
2	2	2	2	2	2	6	6	6	8	8	8	0	0	0	2	2	1	6	6	6	10	10	8	0	0	0	3	3	2	16	16	16	16	8	8
2	2	2	2	2	2	6	6	6	8	8	8	0	0	0	1	1	1	6	6	6	8	8	8	0	0	0	2	2	2	4	4	4	4	4	4
2	2	2	2	2	2	2	2	6	4	4	8	2	2	0	1	1	3	4	4	6	4	4	14	2	2	0	2	2	4	26	26	26	26	26	26
2	2	2	2	2	2	6	6	4	8	8	6	0	0	0	1	2	1	6	6	4	8	12	6	0	0	0	2	3	2	14	22	14	14	22	14
2	2	2	2	2	2	2	2	3	4	4	5	0	2	0	1	1	2	2	4	4	4	4	7	0	2	0	2	2	3	10	6	10	10	6	10
2	2	2	2	2	2	2	2	2	4	4	3	0	0	0	1	1	1	2	2	2	4	4	3	0	0	0	2	2	2	4	4	4	4	4	4
2	2	2	2	2	2	2	2	3	4	4	5	0	3	2	1	1	1	2	5	5	4	4	5	0	3	2	2	2	2	8	16	8	16	16	16
2	2	2	2	2	2	2	2	2	4	4	4	2	1	1	1	2	2	2	2	2	4	4	4	2	1	1	2	3	3	42	42	42	46	42	46
2	2	2	2	1	2	2	2	2	4	2	3	0	0	0	1	1	1	2	2	2	4	2	3	0	0	0	2	1	2	8	4	8	4	4	4
2	2	2	2	2	2	2	2	2	3	3	3	2	2	2	1	1	1	2	2	2	3	3	3	2	2	2	2	2	2	14	14	14	14	14	14
2	2	2	2	2	2	2	2	2	4	4	4	0	0	0	1	1	1	2	2	2	4	4	4	0	0	0	2	2	2	4	4	4	4	4	4
2	2	2	2	2	2	6	6	6	8	8	8	0	0	0	1	1	1	6	6	6	8	8	8	0	0	0	2	2	2	0	0	0	0	0	0
2	2	2	2	2	2	2	2	4	4	4	6	0	0	0	1	1	2	2	2	4	4	4	9	0	0	0	2	2	3	1	1	1	1	1	1
2	2	2	2	2	2	2	2	3	4	4	5	0	1	0	1	1	2	2	3	3	4	4	6	0	1	0	2	2	3	8	4	8	4	4	8
2	2	2	2	2	2	2	2	4	4	4	6	2	0	0	1	1	3	4	2	4	4	4	11	2	0	0	2	2	4	13	29	13	13	29	13
2	2	2	2	2	2	2	2	4	4	4	6	0	0	0	1	1	2	2	2	4	4	4	8	0	0	0	2	2	3	2	2	2	2	2	2
2	2	2	2	2	2	2	3	2	4	5	4	2	1	2	3	4	3	4	4	4	7	11	6	2	1	2	4	5	4	19	35	23	11	43	23
2	2	2	2	2	2	3	2	4	5	3	6	0	4	1	1	1	1	3	5	5	5	3	6	0	4	1	2	2	2	4	8	4	8	8	8
2	2	2	2	2	2	2	4	2	4	6	4	0	0	3	1	2	1	2	5	5	4	9	4	0	0	3	2	3	2	16	8	16	16	8	16
2	2	2	2	2	2	2	3	3	4	5	5	0	3	3	1	1	1	2	6	6	4	5	5	0	3	3	2	2	2	8	8	8	16	8	16
2	2	2	1	2	2	2	2	2	2	4	4	0	0	0	1	1	1	2	2	2	2	4	4	0	0	0	1	2	2	4	4	4	4	4	4
2	2	2	2	2	2	2	2	3	4	4	5	0	2	0	1	1	2	2	4	4	4	4	7	0	2	0	2	2	3	14	26	14	30	26	30
2	2	2	2	2	2	2	2	2	4	4	4	0	0	0	1	1	1	2	2	2	4	4	4	0	0	0	2	2	2	8	8	8	8	8	8
2	2	2	2	2	2	3	2	2	5	4	4	0	0	0	1	1	1	3	2	2	5	4	4	0	0	0	2	2	2	4	4	4	4	4	4
2	2	2	2	2	2	2	2	2	4	4	4	0	0	0	1	1	1	2	2	2	4	4	4	0	0	0	2	2	2	2	2	2	2	2	2
2	2	2	2	2	2	4	4	6	6	6	7	2	2	2	3	3	1	6	6	6	10	10	7	2	3	2	4	4	2	13	11	13	13	11	15
2	2	2	2	2	2	2	4	4	4	6	5	0	1	2	1	1	1	2	4	4	4	6	5	0	1	2	2	2	2	13	13	13	13	13	13
2	2	2	2	2	2	4	4	4	6	6	5	0	1	2	2	2	1	4	4	4	8	8	5	0	1	2	3	3	2	15	7	15	15	7	15
2	2	2	2	2	2	2	3	2	4	5	3	2	1	2	2	3	3	4	4	4	6	9	5	2	2	4	3	4	4	5	3	5	5	3	3
2	2	2	2	2	2	6	6	6	8	8	7	0	1	2	1	1	1	6	6	6	8	8	7	0	1	2	2	2	2	14	14	14	14	14	14
2	2	2	2	2	2	2	2	6	4	4	7	2	2	2	1	1	3	4	4	6	4	4	13	2	3	2	2	2	4	6	6	6	14	6	14
2	2	2	2	2	2	6	6	4	8	8	5	0	1	2	1	2	1	6	6	4	8	12	5	0	1	2	2	3	2	41	17	41	17	17	17
2	2	2	2	2	2	2	2	3	4	4	4	0	2	2	1	1	2	2	4	4	4	4	6	0	3	2	2	2	3	1	7	1	1	7	3
2	2	2	2	2	2	2	2	1	4	4	2	0	1	2	1	1	1	2	3	3	4	4	2	0	1	2	2	2	2	1	1	1	1	1	1
2	2	2	2	2	2	2	2	3	4	4	4	0	3	2	1	1	1	2	5	5	4	4	4	0	4	4	2	2	2	3	3	3	3	3	3
2	2	2	2	2	2	2	2	2	4	4	3	2	1	2	1	2	2	2	3	3	4	4	3	2	2	3	2	3	3	7	11	7	15	11	15
2	2	2	2	1	2	2	2	1	4	2	2	0	1	2	1	1	1	2	3	3	4	2	2	0	1	2	2	1	2	5	9	5	5	5	5
2	2	2	2	2	2	2	2	1	3	3	2	2	2	2	1	1	1	2	3	3	3	3	2	2	3	4	2	2	2	3	3	3	3	3	3
2	2	2	2	2	2	2	2	2	4	4	3	0	1	2	1	1	1	2	3	3	4	4	3	0	1	2	2	2	2	6	22	6	22	22	14
2	2	2	2	2	2	2	2	4	4	4	5	0	1	2	1	1	2	2	3	4	4	4	8	0	1	2	2	2	3	6	14	6	14	14	14
2	2	2	2	2	2	2	2	3	4	4	4	0	1	2	1	1	2	2	3	3	4	4	5	0	2	2	2	2	3	1	3	1	1	3	3
2	2	2	2	2	2	3	4	4	5	6	5	0	1	2	2	2	2	3	4	4	7	8	8	0	1	2	3	3	3	6	6	6	6	6	6
2	2	2	2	2	2	2	2	4	4	4	5	2	1	2	1	1	3	4	3	4	4	4	10	2	1	2	2	2	4	6	6	6	14	6	6
2	2	2	2	2	2	2	2	4	4	4	5	0	1	2	1	1	2	2	3	4	4	4	7	0	1	2	2	2	3	7	15	7	15	15	15
2	2	2	2	2	2	2	3	2	4	5	3	2	1	2	3	4	3	4	4	4	7	11	5	2	2	4	4	5	4	5	3	5	7	3	3
2	2	2	2	2	2	3	2	4	5	3	5	0	4	2	1	1	1	3	5	5	5	3	5	0	5	3	2	2	2	11	5	11	9	5	5
2	2	2	2	2	2	2	4	2	4	6	3	0	1	3	1	2	1	2	5	5	4	9	3	0	1	5	2	3	2	11	3	11	5	3	3
2	2	2	2	2	2	2	3	3	4	5	4	0	3	3	1	1	1	2	6	6	4	5	4	0	4	5	2	2	2	5	5	5	5	5	5
2	2	2	1	2	2	2	2	2	2	4	3	0	1	2	1	1	1	2	3	3	2	4	3	0	1	2	1	2	2	8	8	8	16	8	16
2	2	2	2	2	2	2	2	3	4	4	4	0	2	2	1	1	2	2	4	4	4	4	6	0	3	2	2	2	3	5	19	5	13	19	15
2	2	2	2	2	2	6	6	6	8	8	7	0	1	2	1	1	1	6	6	6	8	8	7	0	1	2	2	2	2	1	1	1	1	1	1
2	2	2	2	2	2	2	2	2	4	4	3	0	1	2	1	1	1	2	3	3	4	4	3	0	1	2	2	2	2	5	5	5	13	5	13
2	2	2	2	2	2	3	2	2	5	4	3	0	1	2	1	1	1	3	3	3	5	4	3	0	1	2	2	2	2	3	7	3	7	7	7
2	2	2	2	2	2	2	2	2	4	4	3	0	1	2	1	1	1	2	3	3	4	4	3	0	1	2	2	2	2	6	6	6	14	6	14
2	2	2	2	2	2	3	2	4	5	4	5	0	3	2	1	2	2	3	5	5	5	5	8	0	4	3	2	3	3	14	12	14	10	12	10
2	2	2	2	2	2	4	4	6	6	8	10	2	2	0	3	3	1	6	6	6	10	12	10	2	2	0	4	4	2	29	13	29	93	13	61
2	2	2	2	2	2	4	4	6	8	8	10	2	2	0	3	3	1	6	6	6	14	14	10	2	2	0	5	5	2	65	65	65	65	41	41
2	2	2	2	2	2	4	4	6	6	6	12	2	2	0	3	3	3	6	6	6	10	10	18	4	4	0	4	4	4	0	0	0	0	0	0
2	2	2	2	2	2	4	4	6	6	6	7	2	2	0	3	3	1	6	6	6	10	10	7	2	2	0	4	4	2	13	13	13	13	13	13
2	2	2	2	2	2	4	4	6	6	6	9	2	3	2	3	3	1	6	6	6	10	10	9	2	5	2	4	4	2	13	11	13	13	11	15
2	2	2	2	2	2	4	4	6	6	6	8	2	2	1	3	3	2	6	6	6	10	10	8	4	3	1	4	5	3	37	51	37	73	51	75
2	2	2	2	1	2	4	4	6	6	4	7	2	2	0	3	3	1	6	6	6	10	8	7	2	2	0	4	3	2	13	11	13	13	11	13
2	2	2	2	2	2	4	4	6	5	5	7	2	2	2	3	3	1	6	6	6	9	9	7	4	4	2	4	4	2	11	11	11	11	11	11
2	2	2	2	2	2	4	4	6	6	6	8	2	2	0	3	3	1	6	6	6	10	10	8	2	2	0	4	4	2	4	16	4	16	16	16
2	2	2	2	2	2	6	6	6	10	10	12	2	2	0	3	3	1	6	6	6	14	14	12	2	2	0	4	4	2	4	4	4	4	4	4
2	2	2	2	2	2	4	4	6	6	6	10	2	2	0	3	3	2	6	6	6	10	10	12	2	2	0	4	4	3	25	25	25	25	25	25
2	2	2	1	2	2	4	4	6	4	6	8	2	2	0	3	3	1	6	6	6	8	10	8	2	2	0	3	4	2	26	26	26	26	26	26
2	2	2	2	2	2	4	4	6	6	6	8	2	2	0	3	3	1	6	6	6	10	10	8	2	2	0	4	4	2	25	25	25	25	25	25
2	2	2	2	2	2	4	4	6	6	6	8	2	2	0	3	3	1	6	6	6	10	10	8	2	2	0	4	4	2	0	0	0	0	0	0
2	2	2	2	2	2	4	4	4	6	8	8	0	0	0	2	2	1	4	4	4	8	10	8	0	0	0	3	3	2	29	13	29	13	13	13
2	2	2	2	2	2	2	4	6	4	6	10	2	2	0	1	1	3	4	4	6	4	6	16	2	2	0	2	2	4	16	16	8	32	16	32
2	2	2	2	2	2	6	6	4	8	10	8	0	0	0	1	2	1	6	6	4	8	14	8	0	0	0	2	3	2	17	33	17	33	33	33
2	2	2	2	2	2	2	4	4	4	6	7	0	2	0	1	1	2	2	4	4	4	6	9	0	2	0	2	2	3	7	15	7	7	15	15
2	2	2	2	2	2	2	4	4	4	6	5	0	0	0	1	1	1	2	4	4	4	6	5	0	0	0	2	2	2	7	15	7	15	15	15
2	2	2	2	2	2	2	4	4	4	6	7	0	3	2	1	1	1	2	5	5	4	6	7	0	3	2	2	2	2	13	13	13	13	13	13
2	2	2	2	2	2	2	4	4	4	6	6	2	1	1	1	2	2	2	4	4	4	6	6	2	1	1	2	3	3	39	39	39	51	39	51
2	2	2	2	1	2	2	4	4	4	4	5	0	0	0	1	1	1	2	4	4	4	4	5	0	0	0	2	1	2	7	15	7	7	15	7
2	2	2	2	2	2	2	4	4	3	5	5	2	2	2	1	1	1	2	4	4	3	5	5	2	2	2	2	2	2	9	9	9	9	9	9
2	2	2	2	2	2	2	4	4	4	6	6	0	0	0	1	1	1	2	4	4	4	6	6	0	0	0	2	2	2	8	24	8	32	24	32
2	2	2	2	2	2	2	4	4	4	6	8	0	0	0	1	1	2	2	4	4	4	6	11	0	0	0	2	2	3	7	15	7	15	15	23
2	2	2	2	2	2	2	4	4	4	6	7	0	1	0	1	1	2	2	4	4	4	6	8	0	1	0	2	2	3	7	15	7	7	15	15
2	2	2	2	2	2	3	4	4	5	8	8	0	0	0	2	2	2	3	4	4	7	10	11	0	0	0	3	3	3	67	47	175	163	47	75
2	2	2	2	2	2	2	4	4	4	6	8	2	0	0	1	1	3	4	4	4	4	6	13	2	0	0	2	2	4	35	11	35	35	27	19
2	2	2	2	2	2	2	4	4	4	6	8	0	0	0	1	1	2	2	4	4	4	6	10	0	0	0	2	2	3	13	29	13	13	29	13
2	2	2	2	2	2	3	4	4	5	5	8	0	4	1	1	1	1	3	5	5	5	5	8	0	4	1	2	2	2	15	7	15	7	7	7
2	2	2	2	2	2	2	4	4	4	8	6	0	0	3	1	2	1	2	5	5	4	11	6	0	0	3	2	3	2	13	13	13	13	13	13
2	2	2	2	2	2	2	4	4	4	7	7	0	3	3	1	1	1	2	6	6	4	7	7	0	3	3	2	2	2	13	13	13	13	13	13
2	2	2	1	2	2	2	4	4	2	6	6	0	0	0	1	1	1	2	4	4	2	6	6	0	0	0	1	2	2	8	8	8	8	8	8
2	2	2	2	2	2	2	4	4	4	6	7	0	2	0	1	1	2	2	4	4	4	6	9	0	2	0	2	2	3	7	15	7	15	15	15
2	2	2	2	2	2	2	4	4	4	6	6	0	0	0	1	1	1	2	4	4	4	6	6	0	0	0	2	2	2	13	29	13	13	29	13
2	2	2	2	2	2	3	4	4	5	6	6	0	0	0	1	1	1	3	4	4	5	6	6	0	0	0	2	2	2	9	9	9	5	9	5
2	2	2	2	2	2	2	4	4	4	6	6	0	0	0	1	1	1	2	4	4	4	6	6	0	0	0	2	2	2	0	0	0	0	0	0
2	2	2	2	2	2	3	4	4	5	6	8	0	3	1	1	2	2	3	5	5	5	7	11	0	3	1	2	3	3	43	43	59	59	43	43
2	2	2	2	2	2	6	6	6	10	10	10	0	0	0	2	2	1	6	6	6	12	12	10	0	0	0	3	3	2	5	9	5	9	9	9
2	2	2	2	2	2	6	6	4	10	10	8	0	0	0	2	2	1	6	6	4	12	16	8	0	0	0	3	4	2	83	67	51	35	19	19
2	2	2	2	2	2	4	4	4	6	6	5	0	0	0	2	2	1	4	4	4	8	8	5	0	0	0	3	3	2	5	9	5	9	9	9
2	2	2	2	2	2	4	4	4	6	6	6	2	1	1	2	2	2	4	4	4	8	8	6	2	1	1	3	4	3	49	57	73	129	49	81
2	2	2	2	1	2	4	4	4	6	4	5	0	0	0	2	2	1	4	4	4	8	6	5	0	0	0	3	2	2	9	9	9	9	9	9
2	2	2	2	2	2	4	4	4	5	5	5	2	2	2	2	2	1	4	4	4	7	7	5	2	2	2	3	3	2	33	25	33	25	17	17
2	2	2	2	2	2	4	4	4	6	6	6	0	0	0	2	2	1	4	4	4	8	8	6	0	0	0	3	3	2	4	12	4	12	12	12
2	2	2	2	2	2	6	6	6	10	10	10	0	0	0	2	2	1	6	6	6	12	12	10	0	0	0	3	3	2	0	0	0	0	0	0
2	2	2	2	2	2	4	4	4	6	6	8	0	0	0	2	2	2	4	4	4	8	8	11	0	0	0	3	3	3	5	9	5	9	9	9
2	2	2	2	2	2	4	4	4	6	6	7	0	1	0	2	2	2	4	4	4	8	8	8	0	1	0	3	3	3	25	9	25	25	9	25
2	2	2	2	2	2	4	4	4	6	6	8	0	0	0	2	2	2	4	4	4	8	8	10	0	0	0	3	3	3	9	17	9	17	17	17
2	2	2	1	2	2	4	4	4	4	6	6	0	0	0	2	2	1	4	4	4	6	8	6	0	0	0	2	3	2	2	2	2	2	2	2
2	2	2	2	2	2	4	4	4	6	6	6	0	0	0	2	2	1	4	4	4	8	8	6	0	0	0	3	3	2	9	17	9	17	17	17
2	2	2	2	2	2	4	4	4	7	6	6	0	0	0	2	2	1	4	4	4	9	8	6	0	0	0	3	3	2	17	9	17	9	9	9
2	2	2	2	2	2	4	4	4	6	6	6	0	0	0	2	2	1	4	4	4	8	8	6	0	0	0	3	3	2	0	0	0	0	0	0
2	2	2	2	2	2	2	3	2	4	5	3	2	1	2	2	3	3	4	4	4	6	9	5	2	1	2	3	4	4	15	15	15	15	15	15
2	2	2	2	2	2	2	3	2	4	5	4	2	1	2	2	3	3	4	4	4	6	9	6	4	2	3	3	5	5	18	16	18	12	16	20
2	2	2	2	1	2	2	3	2	4	3	3	2	1	2	2	3	3	4	4	4	6	7	5	2	1	2	3	3	4	3	7	3	3	7	3
2	2	2	2	2	2	2	3	2	3	4	3	2	2	2	2	3	3	4	4	4	5	8	5	4	3	4	3	4	4	7	5	5	5	5	5
2	2	2	2	2	2	2	3	2	4	5	4	2	1	2	2	3	3	4	4	4	6	9	6	2	1	2	3	4	4	40	36	40	28	36	28
2	2	2	1	2	2	2	3	2	2	5	4	2	1	2	2	3	3	4	4	4	4	9	6	2	1	2	2	4	4	12	12	12	20	12	20
2	2	2	2	2	2	2	3	2	4	5	4	2	1	2	2	3	3	4	4	4	6	9	6	2	1	2	3	4	4	17	21	17	21	21	21
2	2	2	2	2	2	2	3	2	4	5	4	2	1	2	2	3	3	4	4	4	6	9	6	2	1	2	3	4	4	30	30	30	22	34	22
2	2	2	2	2	2	6	6	6	12	12	12	0	0	0	2	2	1	6	6	6	14	14	12	0	0	0	3	3	2	1	1	1	1	1	1
2	2	2	2	2	2	6	6	6	7	7	7	2	2	2	2	2	1	6	6	6	9	9	7	2	2	2	3	3	2	14	14	14	14	14	14
2	2	2	2	2	2	6	6	6	8	8	7	0	0	0	1	1	1	6	6	6	8	8	7	0	0	0	2	2	2	1	1	1	1	1	1
2	2	2	2	2	2	6	6	6	8	8	9	0	3	2	1	1	1	6	6	6	8	8	9	0	3	2	2	2	2	2	2	2	2	2	2
2	2	2	2	2	2	6	6	6	8	8	8	2	1	1	1	2	2	6	6	6	8	8	8	2	1	1	2	3	3	33	13	33	13	13	13
2	2	2	2	1	2	6	6	6	8	6	7	0	0	0	1	1	1	6	6	6	8	6	7	0	0	0	2	1	2	3	3	3	3	3	3
2	2	2	2	2	2	6	6	6	7	7	7	2	2	2	1	1	1	6	6	6	7	7	7	2	2	2	2	2	2	14	14	14	14	14	14
2	2	2	2	2	2	6	6	6	8	8	8	0	0	0	1	1	1	6	6	6	8	8	8	0	0	0	2	2	2	0	0	0	0	0	0
2	2	2	2	2	2	6	6	6	12	12	12	0	0	0	1	1	1	6	6	6	12	12	12	0	0	0	2	2	2	0	0	0	0	0	0
2	2	2	2	2	2	6	6	6	8	8	10	0	0	0	1	1	2	6	6	6	8	8	13	0	0	0	2	2	3	5	9	5	9	9	9
2	2	2	2	2	2	6	6	6	8	8	10	0	0	0	1	1	2	6	6	6	8	8	12	0	0	0	2	2	3	5	9	5	9	9	9
2	2	2	1	2	2	6	6	6	6	8	8	0	0	0	1	1	1	6	6	6	6	8	8	0	0	0	1	2	2	8	8	8	8	8	8
2	2	2	2	2	2	6	6	6	8	8	8	0	0	0	1	1	1	6	6	6	8	8	8	0	0	0	2	2	2	5	9	5	9	9	9
2	2	2	2	2	2	6	6	6	8	8	8	0	0	0	1	1	1	6	6	6	8	8	8	0	0	0	2	2	2	4	4	4	4	4	4
2	2	2	2	2	2	2	2	6	4	4	7	2	2	0	1	1	3	4	4	6	4	4	13	2	2	0	2	2	4	16	8	16	8	8	8
2	2	2	2	2	2	2	2	6	4	4	9	2	3	2	1	1	3	4	5	6	4	4	15	2	5	2	2	2	4	6	6	6	14	6	14
2	2	2	2	2	2	2	2	6	4	4	8	2	2	1	1	2	3	4	4	6	4	4	14	4	3	1	2	3	5	22	50	30	86	50	86
2	2	2	2	1	2	2	2	6	4	2	7	2	2	0	1	1	3	4	4	6	4	2	13	2	2	0	2	1	4	6	6	6	6	6	6
2	2	2	2	2	2	2	2	6	3	3	7	2	2	2	1	1	3	4	4	6	3	3	13	4	4	2	2	2	4	10	10	10	10	10	10
2	2	2	2	2	2	2	2	6	4	4	8	2	2	0	1	1	3	4	4	6	4	4	14	2	2	0	2	2	4	32	32	32	32	32	32
2	2	2	2	2	2	2	2	6	4	4	10	2	2	0	1	1	3	4	4	6	4	4	18	2	2	0	2	2	5	26	26	26	26	26	26
2	2	2	2	2	2	3	2	6	5	3	10	2	4	1	1	1	3	4	5	6	5	3	16	2	6	1	2	2	4	8	20	4	8	20	12
2	2	2	1	2	2	2	2	6	2	4	8	2	2	0	1	1	3	4	4	6	2	4	14	2	2	0	1	2	4	6	14	6	26	14	26
2	2	2	2	2	2	2	2	6	4	4	8	2	2	0	1	1	3	4	4	6	4	4	14	2	2	0	2	2	4	32	16	32	16	16	16
2	2	2	2	2	2	3	2	6	5	4	8	2	2	0	1	1	3	4	4	6	5	4	14	2	2	0	2	2	4	4	8	8	16	8	16
2	2	2	2	2	2	2	2	6	4	4	8	2	2	0	1	1	3	4	4	6	4	4	14	2	2	0	2	2	4	2	2	2	2	2	2
2	2	2	2	2	2	6	6	4	8	8	5	0	0	0	1	2	1	6	6	4	8	12	5	0	0	0	2	3	2	23	47	23	15	47	15
2	2	2	2	2	2	6	6	4	8	8	6	2	1	1	1	2	2	6	6	4	8	12	6	2	1	1	2	4	3	73	41	109	141	45	53
2	2	2	2	1	2	6	6	4	8	6	5	0	0	0	1	2	1	6	6	4	8	10	5	0	0	0	2	2	2	5	5	5	5	5	5
2	2	2	2	2	2	6	6	4	7	7	5	2	2	2	1	2	1	6	6	4	7	11	5	2	2	2	2	3	2	57	25	57	41	25	25
2	2	2	2	2	2	6	6	4	8	8	6	0	0	0	1	2	1	6	6	4	8	12	6	0	0	0	2	3	2	2	2	2	2	2	2
2	2	2	2	2	2	6	6	4	8	8	8	0	0	0	1	2	2	6	6	4	8	12	10	0	0	0	2	3	3	13	29	13	13	29	13
2	2	2	1	2	2	6	6	4	6	8	6	0	0	0	1	2	1	6	6	4	6	12	6	0	0	0	1	3	2	14	6	14	14	6	14
2	2	2	2	2	2	6	6	4	8	8	6	0	0	0	1	2	1	6	6	4	8	12	6	0	0	0	2	3	2	41	57	41	25	57	25
2	2	2	2	2	2	6	6	4	8	8	6	0	0	0	1	2	1	6	6	4	8	12	6	0	0	0	2	3	2	16	8	16	8	8	8
2	2	2	2	2	2	2	2	3	4	4	4	0	2	0	1	1	2	2	4	4	4	4	6	0	2	0	2	2	3	9	7	9	9	7	7
2	2	2	2	2	2	2	2	3	4	4	6	0	3	2	1	1	2	2	5	5	4	4	8	0	5	2	2	2	3	5	11	5	5	15	15
2	2	2	2	2	2	2	2	3	4	4	5	2	2	1	1	2	2	2	4	4	4	4	7	2	3	1	2	3	4	10	12	10	14	12	18
2	2	2	2	1	2	2	2	3	4	2	4	0	2	0	1	1	2	2	4	4	4	2	6	0	2	0	2	1	3	1	5	1	1	5	1
2	2	2	2	2	2	2	2	3	3	3	4	2	2	2	1	1	2	2	4	4	3	3	6	2	4	2	2	2	3	5	7	5	5	7	7
2	2	2	2	2	2	2	2	3	4	4	5	0	2	0	1	1	2	2	4	4	4	4	7	0	2	0	2	2	3	8	12	8	32	12	32
2	2	2	2	2	2	2	2	3	4	4	6	0	2	0	1	1	2	2	4	4	4	4	9	0	3	0	2	2	4	3	5	3	3	5	9
2	2	2	2	2	2	2	2	4	4	4	7	2	2	0	1	1	3	4	4	4	4	4	14	2	2	0	2	2	5	7	7	7	15	7	15
2	2	2	2	2	2	2	2	4	4	4	7	0	2	0	1	1	2	2	4	4	4	4	11	0	2	0	2	2	4	7	15	7	7	15	7
2	2	2	2	2	2	2	4	3	4	6	5	0	2	3	1	2	2	2	5	5	4	9	7	0	2	3	2	3	3	4	12	4	4	12	4
2	2	2	2	2	2	2	3	3	4	5	6	0	3	3	1	1	2	2	6	6	4	5	8	0	5	3	2	2	3	7	7	7	3	11	5
2	2	2	1	2	2	2	2	3	2	4	5	0	2	0	1	1	2	2	4	4	2	4	7	0	2	0	1	2	3	10	6	10	10	6	10
2	2	2	2	2	2	2	2	3	4	4	6	0	2	0	1	1	2	2	4	4	4	4	10	0	4	0	2	2	4	3	5	3	3	5	5
2	2	2	2	2	2	2	2	3	4	4	5	0	2	0	1	1	2	2	4	4	4	4	7	0	2	0	2	2	3	13	33	13	41	33	41
2	2	2	2	2	2	3	2	3	5	4	5	0	2	0	1	1	2	3	4	4	5	4	7	0	2	0	2	2	3	4	4	4	4	4	4
2	2	2	2	2	2	2	2	3	4	4	5	0	2	0	1	1	2	2	4	4	4	4	7	0	2	0	2	2	3	6	22	6	22	22	22
2	2	2	2	2	2	3	2	4	5	4	7	0	3	1	1	2	2	3	5	5	5	5	12	0	5	1	2	3	4	15	17	15	9	21	19
2	2	2	2	2	2	2	2	3	4	4	4	0	3	2	1	1	1	2	5	5	4	4	4	0	3	2	2	2	2	5	13	5	5	13	5
2	2	2	2	2	2	2	2	2	4	4	3	2	1	1	1	2	2	2	2	2	4	4	3	2	1	1	2	3	3	10	6	10	14	4	14
2	2	2	2	1	2	2	2	1	4	2	2	0	0	0	1	1	1	2	2	1	4	2	2	0	0	0	2	1	2	1	1	1	1	1	1
2	2	2	2	2	2	2	2	1	3	3	2	2	2	2	1	1	1	2	2	1	3	3	2	2	2	2	2	2	2	5	5	5	5	3	3
2	2	2	2	2	2	2	2	2	4	4	3	0	0	0	1	1	1	2	2	2	4	4	3	0	0	0	2	2	2	0	0	0	0	0	0
2	2	2	2	2	2	6	6	6	8	8	7	0	0	0	1	1	1	6	6	6	8	8	7	0	0	0	2	2	2	4	4	4	4	4	4
2	2	2	2	2	2	2	2	4	4	4	5	0	0	0	1	1	2	2	2	4	4	4	8	0	0	0	2	2	3	1	1	1	1	1	1
2	2	2	2	2	2	2	2	3	4	4	4	0	1	0	1	1	2	2	3	3	4	4	5	0	1	0	2	2	3	7	15	7	7	15	7
2	2	2	2	2	2	3	4	4	5	6	5	0	0	0	2	2	2	3	4	4	7	8	8	0	0	0	3	3	3	21	9	21	9	9	9
2	2	2	2	2	2	2	2	4	4	4	5	2	0	0	1	1	3	4	2	4	4	4	10	2	0	0	2	2	4	7	7	7	15	7	15
2	2	2	2	2	2	2	2	4	4	4	5	0	0	0	1	1	2	2	2	4	4	4	7	0	0	0	2	2	3	1	1	1	1	1	1
2	2	2	2	2	2	2	3	2	4	5	3	2	1	2	3	4	3	4	4	4	7	11	5	2	1	2	4	5	4	18	14	18	26	6	24
2	2	2	2	2	2	3	2	4	5	3	5	0	4	1	1	1	1	3	5	5	5	3	5	0	4	1	2	2	2	7	15	7	15	15	15
2	2	2	2	2	2	2	4	2	4	6	3	0	0	3	1	2	1	2	5	5	4	9	3	0	0	3	2	3	2	4	4	4	4	4	4
2	2	2	2	2	2	2	3	3	4	5	4	0	3	3	1	1	1	2	6	6	4	5	4	0	3	3	2	2	2	7	7	7	3	7	3
2	2	2	1	2	2	2	2	2	2	4	3	0	0	0	1	1	1	2	2	2	2	4	3	0	0	0	1	2	2	8	4	8	4	4	4
2	2	2	2	2	2	2	2	3	4	4	4	0	2	0	1	1	2	2	4	4	4	4	6	0	2	0	2	2	3	7	15	7	7	15	7
2	2	2	2	2	2	2	2	2	4	4	3	0	0	0	1	1	1	2	2	2	4	4	3	0	0	0	2	2	2	5	9	5	9	9	9
2	2	2	2	2	2	3	2	2	5	4	3	0	0	0	1	1	1	3	2	2	5	4	3	0	0	0	2	2	2	8	8	8	4	8	4
2	2	2	2	2	2	2	2	2	4	4	3	0	0	0	1	1	1	2	2	2	4	4	3	0	0	0	2	2	2	4	4	4	4	4	4
2	2	2	2	2	2	3	2	4	5	4	5	0	3	1	1	2	2	3	5	5	5	5	8	0	3	1	2	3	3	15	7	15	9	7	9
2	2	2	2	2	2	2	2	3	4	4	5	2	3	2	1	2	2	2	5	5	4	4	5	2	4	3	2	3	3	13	5	13	5	5	5
2	2	2	2	1	2	2	2	3	4	2	4	0	3	2	1	1	1	2	5	5	4	2	4	0	3	2	2	1	2	1	3	1	1	3	1
2	2	2	2	2	2	2	2	3	3	3	4	2	3	2	1	1	1	2	5	5	3	3	4	2	5	4	2	2	2	3	3	3	3	3	3
2	2	2	2	2	2	2	2	3	4	4	5	0	3	2	1	1	1	2	5	5	4	4	5	0	3	2	2	2	2	6	22	6	22	22	22
2	2	2	2	2	2	6	6	6	8	8	9	0	3	2	1	1	1	6	6	6	8	8	9	0	3	2	2	2	2	8	16	8	16	16	16
2	2	2	2	2	2	2	2	4	4	4	7	0	3	2	1	1	2	2	5	5	4	4	10	0	3	2	2	2	3	2	2	2	2	2	2
2	2	2	2	2	2	2	2	3	4	4	6	0	3	2	1	1	2	2	5	5	4	4	7	0	4	2	2	2	3	5	11	5	13	15	15
2	2	2	2	2	2	2	2	4	4	4	7	0	3	2	1	1	2	2	5	5	4	4	9	0	3	2	2	2	3	7	15	7	15	15	15
2	2	2	2	2	2	3	2	4	5	3	7	0	4	2	1	1	1	3	5	5	5	3	7	0	7	3	2	2	2	11	13	11	9	13	5
2	2	2	2	2	2	2	4	3	4	6	5	0	3	3	1	2	1	2	5	5	4	9	5	0	3	5	2	3	2	11	7	11	9	7	7
2	2	2	2	2	2	2	3	3	4	5	6	0	3	3	1	1	1	2	6	6	4	5	6	0	6	5	2	2	2	5	7	5	5	7	5
2	2	2	1	2	2	2	2	3	2	4	5	0	3	2	1	1	1	2	5	5	2	4	5	0	3	2	1	2	2	8	8	8	16	8	16
2	2	2	2	2	2	2	2	3	4	4	6	0	3	2	1	1	2	2	5	5	4	4	8	0	5	2	2	2	3	5	11	5	13	23	15
2	2	2	2	2	2	6	6	6	8	8	9	0	3	2	1	1	1	6	6	6	8	8	9	0	3	2	2	2	2	0	0	0	0	0	0
2	2	2	2	2	2	2	2	3	4	4	5	0	3	2	1	1	1	2	5	5	4	4	5	0	3	2	2	2	2	5	13	5	13	13	13
2	2	2	2	2	2	3	2	3	5	4	5	0	3	2	1	1	1	3	5	5	5	4	5	0	3	2	2	2	2	3	3	3	7	3	7
2	2	2	2	2	2	2	2	3	4	4	5	0	3	2	1	1	1	2	5	5	4	4	5	0	3	2	2	2	2	6	14	6	14	14	14
2	2	2	2	2	2	3	2	4	5	4	7	0	3	2	1	2	2	3	5	5	5	5	10	0	6	3	2	3	3	14	12	14	6	12	6
2	2	2	2	1	2	2	2	2	4	2	3	2	1	1	1	2	2	2	2	2	4	2	3	2	1	1	2	2	3	3	5	3	3	3	3
2	2	2	2	2	2	2	2	2	3	3	3	2	2	2	1	2	2	2	2	2	3	3	3	4	3	3	2	3	3	5	5	9	11	9	11
2	2	2	2	2	2	2	2	2	4	4	4	2	1	1	1	2	2	2	2	2	4	4	4	2	1	1	2	3	3	12	36	12	28	40	28
2	2	2	2	2	2	6	6	6	8	8	8	2	1	1	1	2	2	6	6	6	8	8	8	2	1	1	2	3	3	54	78	54	82	98	130
2	2	2	2	2	2	2	2	4	4	4	6	2	1	1	1	2	2	2	2	4	4	4	9	2	1	1	2	3	4	8	4	8	8	8	8
2	2	2	2	2	2	2	2	3	4	4	5	2	1	1	1	2	2	2	3	3	4	4	6	2	2	1	2	3	4	13	7	13	5	7	7
2	2	2	2	2	2	2	2	4	4	4	6	2	1	1	1	2	3	4	2	4	4	4	11	4	1	1	2	3	5	24	16	24	54	26	54
2	2	2	2	2	2	2	2	4	4	4	6	2	1	1	1	2	2	2	2	4	4	4	8	2	1	1	2	3	4	11	7	11	15	15	15
2	2	2	2	2	2	2	3	2	4	5	4	2	1	2	3	4	3	4	4	4	7	11	6	4	2	3	4	6	5	26	14	28	32	20	64
2	2	2	2	2	2	3	2	4	5	3	6	2	4	1	1	2	2	3	5	5	5	3	6	2	5	2	2	3	3	29	41	27	39	53	47
2	2	2	2	2	2	2	4	2	4	6	4	2	1	3	1	2	2	2	5	5	4	9	4	2	1	4	2	4	3	18	10	18	18	10	14
2	2	2	2	2	2	2	3	3	4	5	5	2	3	3	1	2	2	2	6	6	4	5	5	2	4	4	2	3	3	13	13	13	7	13	7
2	2	2	1	2	2	2	2	2	2	4	4	2	1	1	1	2	2	2	2	2	2	4	4	2	1	1	1	3	3	16	16	16	44	16	44
2	2	2	2	2	2	2	2	3	4	4	5	2	2	1	1	2	2	2	4	4	4	4	7	2	3	1	2	3	4	22	24	22	26	24	30
2	2	2	2	2	2	6	6	6	8	8	8	2	1	1	1	2	2	6	6	6	8	8	8	2	1	1	2	3	3	0	0	0	0	0	0
2	2	2	2	2	2	2	2	2	4	4	4	2	1	1	1	2	2	2	2	2	4	4	4	2	1	1	2	3	3	23	15	23	19	15	19
2	2	2	2	2	2	3	2	2	5	4	4	2	1	1	1	2	2	3	2	2	5	4	4	2	1	1	2	3	3	20	20	20	26	20	26
2	2	2	2	2	2	2	2	2	4	4	4	2	1	1	1	2	2	2	2	2	4	4	4	2	1	1	2	3	3	26	10	26	18	6	18
2	2	2	2	2	2	3	2	4	5	4	6	2	3	1	1	2	2	3	5	5	5	5	9	2	4	2	2	4	4	19	19	19	15	19	15
2	2	2	2	1	2	2	1	1	3	1	2	2	2	2	1	1	1	2	1	1	3	1	2	2	2	2	2	1	2	3	5	3	3	3	3
2	2	2	2	1	2	2	2	2	4	2	3	0	0	0	1	1	1	2	2	2	4	2	3	0	0	0	2	1	2	6	22	6	2	22	2
2	2	2	2	1	2	6	6	6	8	6	7	0	0	0	1	1	1	6	6	6	8	6	7	0	0	0	2	1	2	16	44	16	12	44	12
2	2	2	2	1	2	2	2	4	4	2	5	0	0	0	1	1	2	2	2	4	4	2	8	0	0	0	2	1	3	1	1	1	1	1	1
2	2	2	2	1	2	2	2	3	4	2	4	0	1	0	1	1	2	2	3	3	4	2	5	0	1	0	2	1	3	1	1	1	1	1	1
2	2	2	2	1	2	3	4	4	5	4	5	0	0	0	2	2	2	3	4	4	7	6	8	0	0	0	3	2	3	15	7	15	7	7	7
2	2	2	2	1	2	2	2	4	4	2	5	2	0	0	1	1	3	4	2	4	4	2	10	2	0	0	2	1	4	5	5	5	5	5	5
2	2	2	2	1	2	2	2	4	4	2	5	0	0	0	1	1	2	2	2	4	4	2	7	0	0	0	2	1	3	1	1	1	1	1	1
2	2	2	2	1	2	2	3	2	4	3	3	2	1	2	3	4	3	4	4	4	7	9	5	2	1	2	4	4	4	10	6	10	8	6	8
2	2	2	2	1	2	3	1	4	5	1	5	0	4	1	1	1	1	3	5	5	5	1	5	0	4	1	2	1	2	5	5	5	3	5	3
2	2	2	2	1	2	2	4	2	4	4	3	0	0	3	1	2	1	2	5	5	4	7	3	0	0	3	2	2	2	7	3	7	7	3	7
2	2	2	2	1	2	2	3	3	4	3	4	0	3	3	1	1	1	2	6	6	4	3	4	0	3	3	2	1	2	3	5	3	3	5	3
1	1	2	1	1	2	2	2	2	2	2	3	0	0	0	1	1	1	2	2	2	2	2	3	0	0	0	1	1	2	8	4	8	4	4	4
2	2	2	2	1	2	2	2	3	4	2	4	0	2	0	1	1	2	2	4	4	4	2	6	0	2	0	2	1	3	5	17	5	5	17	5
2	2	2	2	1	2	6	6	6	8	6	7	0	0	0	1	1	1	6	6	6	8	6	7	0	0	0	2	1	2	1	1	1	1	1	1
2	2	2	2	1	2	2	2	2	4	2	3	0	0	0	1	1	1	2	2	2	4	2	3	0	0	0	2	1	2	7	7	7	7	7	7
2	2	2	2	1	2	3	2	2	5	2	3	0	0	0	1	1	1	3	2	2	5	2	3	0	0	0	2	1	2	4	8	4	4	8	4
2	2	2	2	1	2	2	2	2	4	2	3	0	0	0	1	1	1	2	2	2	4	2	3	0	0	0	2	1	2	6	2	6	6	2	6
2	2	2	2	1	2	3	2	4	5	2	5	0	3	1	1	2	2	3	5	5	5	3	8	0	3	1	2	2	3	10	12	10	6	12	6
2	2	2	2	2	2	2	2	2	3	3	3	2	2	2	1	1	1	2	2	2	3	3	3	2	2	2	2	2	2	12	12	12	12	16	16
2	2	2	2	2	2	6	6	6	7	7	7	2	2	2	1	1	1	6	6	6	7	7	7	2	2	2	2	2	2	22	26	22	26	30	30
2	2	2	2	2	2	2	2	4	3	3	5	2	2	2	1	1	2	2	2	4	3	3	8	2	2	2	2	2	3	6	10	6	10	14	14
2	2	2	2	2	2	2	2	3	3	3	4	2	2	2	1	1	2	2	3	3	3	3	5	2	3	2	2	2	3	3	5	3	3	5	5
2	2	2	2	2	2	3	4	4	4	5	5	2	2	2	2	2	2	3	4	4	6	7	8	2	2	2	3	3	3	31	23	31	25	17	25
2	2	2	2	2	2	2	2	4	3	3	5	2	2	2	1	1	3	4	2	4	3	3	10	4	2	2	2	2	4	8	8	8	18	18	18
2	2	2	2	2	2	2	2	4	3	3	5	2	2	2	1	1	2	2	2	4	3	3	7	2	2	2	2	2	3	11	19	11	19	27	27
2	2	2	2	2	2	2	3	2	3	4	3	2	2	2	3	4	3	4	4	4	6	10	5	4	3	4	4	5	4	9	7	9	7	7	7
2	2	2	2	2	2	3	1	4	4	2	5	2	4	2	1	1	1	3	5	5	4	2	5	2	6	3	2	2	2	13	7	7	7	7	7
2	2	2	2	2	2	2	4	2	3	5	3	2	2	3	1	2	1	2	5	5	3	8	3	2	2	5	2	3	2	5	3	5	5	3	3
2	2	2	2	2	2	2	3	3	3	4	4	2	3	3	1	1	1	2	6	6	3	4	4	2	5	5	2	2	2	3	3	3	3	3	3
2	2	2	1	2	2	1	2	2	1	3	3	2	2	2	1	1	1	1	2	2	1	3	3	2	2	2	1	2	2	8	8	12	12	12	12
2	2	2	2	2	2	2	2	3	3	3	4	2	2	2	1	1	2	2	4	4	3	3	6	2	4	2	2	2	3	5	7	5	5	7	7
2	2	2	2	2	2	6	6	6	7	7	7	2	2	2	1	1	1	6	6	6	7	7	7	2	2	2	2	2	2	0	0	0	0	0	0
2	2	2	2	2	2	2	2	2	3	3	3	2	2	2	1	1	1	2	2	2	3	3	3	2	2	2	2	2	2	9	9	9	9	9	9
2	2	2	2	2	2	3	2	2	4	3	3	2	2	2	1	1	1	3	2	2	4	3	3	2	2	2	2	2	2	5	5	5	5	5	5
2	2	2	2	2	2	2	2	2	3	3	3	2	2	2	1	1	1	2	2	2	3	3	3	2	2	2	2	2	2	10	10	10	10	6	6
2	2	2	2	2	2	3	2	4	4	3	5	2	3	2	1	2	2	3	5	5	4	4	8	2	5	3	2	3	3	5	5	5	5	5	5
2	2	2	2	2	2	6	6	6	8	8	8	0	0	0	1	1	1	6	6	6	8	8	8	0	0	0	2	2	2	12	60	12	60	60	60
2	2	2	2	2	2	2	2	4	4	4	6	0	0	0	1	1	2	2	2	4	4	4	9	0	0	0	2	2	3	0	0	0	0	0	0
2	2	2	2	2	2	2	2	3	4	4	5	0	1	0	1	1	2	2	3	3	4	4	6	0	1	0	2	2	3	8	12	8	12	12	16
2	2	2	2	2	2	2	2	4	4	4	6	2	0	0	1	1	3	4	2	4	4	4	11	2	0	0	2	2	4	14	38	14	22	38	22
2	2	2	2	2	2	2	2	4	4	4	6	0	0	0	1	1	2	2	2	4	4	4	8	0	0	0	2	2	3	0	0	0	0	0	0
2	2	2	2	2	2	2	3	2	4	5	4	2	1	2	3	4	3	4	4	4	7	11	6	2	1	2	4	5	4	30	42	34	18	42	22
2	2	2	2	2	2	3	2	4	5	3	6	0	4	1	1	1	1	3	5	5	5	3	6	0	4	1	2	2	2	10	54	10	30	54	38
2	2	2	2	2	2	2	4	2	4	6	4	0	0	3	1	2	1	2	5	5	4	9	4	0	0	3	2	3	2	22	6	22	22	6	22
2	2	2	2	2	2	2	3	3	4	5	5	0	3	3	1	1	1	2	6	6	4	5	5	0	3	3	2	2	2	14	22	14	14	22	14
2	2	2	1	2	2	2	2	2	2	4	4	0	0	0	1	1	1	2	2	2	2	4	4	0	0	0	1	2	2	14	6	14	14	6	14
2	2	2	2	2	2	2	2	3	4	4	5	0	2	0	1	1	2	2	4	4	4	4	7	0	2	0	2	2	3	12	8	12	36	8	36
2	2	2	2	2	2	2	2	2	4	4	4	0	0	0	1	1	1	2	2	2	4	4	4	0	0	0	2	2	2	0	0	0	0	0	0
2	2	2	2	2	2	3	2	2	5	4	4	0	0	0	1	1	1	3	2	2	5	4	4	0	0	0	2	2	2	2	22	2	14	22	14
2	2	2	2	2	2	2	2	2	4	4	4	0	0	0	1	1	1	2	2	2	4	4	4	0	0	0	2	2	2	0	0	0	0	0	0
2	2	2	2	2	2	3	2	4	5	4	6	0	3	1	1	2	2	3	5	5	5	5	9	0	3	1	2	3	3	20	12	20	12	12	12
2	2	2	2	2	2	6	6	6	8	8	10	0	0	0	1	1	2	6	6	6	8	8	13	0	0	0	2	2	3	0	0	0	0	0	0
2	2	2	2	2	2	6	6	6	8	8	10	0	0	0	1	1	2	6	6	6	8	8	12	0	0	0	2	2	3	0	0	0	0	0	0
2	2	2	1	2	2	6	6	6	6	8	8	0	0	0	1	1	1	6	6	6	6	8	8	0	0	0	1	2	2	8	8	8	24	8	24
2	2	2	2	2	2	6	6	6	8	8	8	0	0	0	1	1	1	6	6	6	8	8	8	0	0	0	2	2	2	8	24	8	24	24	24
2	2	2	2	2	2	6	6	6	8	8	8	0	0	0	1	1	1	6	6	6	8	8	8	0	0	0	2	2	2	8	16	8	16	16	16
2	2	2	2	2	2	2	2	4	4	4	7	0	1	0	1	1	2	2	3	4	4	4	11	0	1	0	2	2	4	1	1	1	1	1	1
2	2	2	2	2	2	2	2	4	4	4	8	2	0	0	1	1	3	4	2	4	4	4	16	2	0	0	2	2	5	2	2	2	2	2	2
2	2	2	2	2	2	2	2	4	4	4	8	0	0	0	1	1	2	2	2	4	4	4	13	0	0	0	2	2	4	2	2	2	2	2	2
2	2	2	2	2	2	2	3	4	4	5	7	0	3	3	1	1	2	2	6	6	4	5	10	0	3	3	2	2	3	4	8	4	8	8	8
2	2	2	1	2	2	2	2	4	2	4	6	0	0	0	1	1	2	2	2	4	2	4	9	0	0	0	1	2	3	1	1	1	1	1	1
2	2	2	2	2	2	2	2	4	4	4	6	0	0	0	1	1	2	2	2	4	4	4	9	0	0	0	2	2	3	1	1	1	1	1	1
2	2	2	2	2	2	2	2	4	4	4	6	0	0	0	1	1	2	2	2	4	4	4	9	0	0	0	2	2	3	1	1	1	1	1	1
2	2	2	2	2	2	2	2	4	4	4	7	2	1	0	1	1	3	4	3	4	4	4	13	2	1	0	2	2	5	5	5	5	21	5	21
2	2	2	2	2	2	2	2	4	4	4	7	0	1	0	1	1	2	2	3	4	4	4	10	0	1	0	2	2	4	7	15	7	7	15	7
2	2	2	2	2	2	2	4	3	4	6	5	0	1	3	1	2	2	2	5	5	4	9	6	0	1	3	2	3	3	7	7	7	7	7	7
2	2	2	2	2	2	2	3	3	4	5	6	0	3	3	1	1	2	2	6	6	4	5	7	0	4	3	2	2	3	3	7	3	7	11	9
2	2	2	1	2	2	2	2	3	2	4	5	0	1	0	1	1	2	2	3	3	2	4	6	0	1	0	1	2	3	8	4	8	4	4	8
2	2	2	2	2	2	2	2	3	4	4	6	0	2	0	1	1	2	2	4	4	4	4	9	0	3	0	2	2	4	7	9	11	11	9	17
2	2	2	2	2	2	2	2	3	4	4	5	0	1	0	1	1	2	2	3	3	4	4	6	0	1	0	2	2	3	7	15	7	7	15	7
2	2	2	2	2	2	3	2	3	5	4	5	0	1	0	1	1	2	3	3	3	5	4	6	0	1	0	2	2	3	4	4	4	4	4	4
2	2	2	2	2	2	2	2	3	4	4	5	0	1	0	1	1	2	2	3	3	4	4	6	0	1	0	2	2	3	0	0	0	0	0	0
2	2	2	1	2	2	3	4	4	3	6	6	0	0	0	2	2	2	3	4	4	5	8	9	0	0	0	2	3	3	36	52	36	12	52	12
2	2	2	2	2	2	3	4	4	5	6	6	0	0	0	2	2	2	3	4	4	7	8	9	0	0	0	3	3	3	41	25	41	29	25	29
2	2	2	2	2	2	3	4	4	5	6	6	0	0	0	2	2	2	3	4	4	7	8	9	0	0	0	3	3	3	0	0	0	0	0	0
2	2	2	2	2	2	2	4	4	4	6	6	2	0	3	1	2	3	4	5	5	4	9	11	2	0	3	2	3	4	4	4	4	8	4	4
2	2	2	1	2	2	2	2	4	2	4	6	2	0	0	1	1	3	4	2	4	2	4	11	2	0	0	1	2	4	11	19	11	11	19	11
2	2	2	2	2	2	2	2	4	4	4	7	2	2	0	1	1	3	4	4	4	4	4	14	2	2	0	2	2	5	11	27	11	43	59	59
2	2	2	2	2	2	2	2	4	4	4	6	2	0	0	1	1	3	4	2	4	4	4	11	2	0	0	2	2	4	15	23	15	47	23	47
2	2	2	2	2	2	2	2	4	4	4	6	2	0	0	1	1	3	4	2	4	4	4	11	2	0	0	2	2	4	7	7	7	15	7	15
2	2	2	2	2	2	3	2	4	5	3	8	0	4	1	1	1	2	3	5	5	5	3	10	0	4	1	2	2	3	7	15	7	15	31	31
2	2	2	2	2	2	2	4	4	4	6	6	0	0	3	1	2	2	2	5	5	4	9	8	0	0	3	2	3	3	17	9	17	17	9	17
2	2	2	1	2	2	2	2	4	2	4	6	0	0	0	1	1	2	2	2	4	2	4	8	0	0	0	1	2	3	2	2	2	2	2	2
2	2	2	2	2	2	2	2	4	4	4	6	0	0	0	1	1	2	2	2	4	4	4	8	0	0	0	2	2	3	1	1	1	1	1	1
2	2	2	2	2	2	3	2	4	5	4	6	0	0	0	1	1	2	3	2	4	5	4	8	0	0	0	2	2	3	1	1	1	1	1	1
2	2	2	2	2	2	2	2	4	4	4	6	0	0	0	1	1	2	2	2	4	4	4	8	0	0	0	2	2	3	2	2	2	2	2	2
2	2	2	2	2	2	2	3	2	4	5	4	2	1	2	3	4	3	4	4	4	7	11	6	2	1	2	4	5	4	27	31	27	47	19	47
2	2	2	2	2	2	2	3	2	4	5	4	2	1	2	3	4	3	4	4	4	7	11	6	2	1	2	4	5	4	13	13	13	13	13	13
2	2	2	2	2	2	3	4	4	5	5	6	0	4	3	1	2	1	3	5	5	5	8	6	0	4	4	2	3	2	23	13	21	25	13	21
2	2	2	1	2	2	3	2	4	3	3	6	0	4	1	1	1	1	3	5	5	3	3	6	0	4	1	1	2	2	4	8	4	8	8	8
2	2	2	2	2	2	3	2	4	5	3	6	0	4	1	1	1	1	3	5	5	5	3	6	0	4	1	2	2	2	13	29	13	29	29	29
2	2	2	2	2	2	3	2	4	6	3	6	0	4	1	1	1	1	3	5	5	6	3	6	0	4	1	2	2	2	14	10	14	10	10	10
2	2	2	2	2	2	3	2	4	5	3	6	0	4	1	1	1	1	3	5	5	5	3	6	0	4	1	2	2	2	6	14	6	6	14	6
2	2	2	2	2	2	2	4	3	4	7	5	0	3	3	1	2	1	2	6	6	4	10	5	0	3	6	2	3	2	7	7	7	9	7	7
2	2	2	1	2	2	2	4	2	2	6	4	0	0	3	1	2	1	2	5	5	2	9	4	0	0	3	1	3	2	8	8	8	16	8	16
2	2	2	2	2	2	2	4	2	4	6	4	0	0	3	1	2	1	2	5	5	4	9	4	0	0	3	2	3	2	7	7	7	7	3	7
2	2	2	2	2	2	2	4	2	4	6	4	0	0	3	1	2	1	2	5	5	4	9	4	0	0	3	2	3	2	14	6	14	6	6	6
2	2	2	1	2	2	2	3	3	2	5	5	0	3	3	1	1	1	2	6	6	2	5	5	0	3	3	1	2	2	8	8	8	16	8	16
2	2	2	2	2	2	2	3	3	4	5	6	0	3	3	1	1	2	2	6	6	4	5	8	0	5	3	2	2	3	9	9	9	5	21	15
2	2	2	2	2	2	6	6	6	8	9	9	0	3	3	1	1	1	6	6	6	8	9	9	0	3	3	2	2	2	1	1	1	1	1	1
2	2	2	2	2	2	2	3	3	4	5	5	0	3	3	1	1	1	2	6	6	4	5	5	0	3	3	2	2	2	13	13	13	5	13	5
2	2	2	2	2	2	3	3	3	5	5	5	0	3	3	1	1	1	3	6	6	5	5	5	0	3	3	2	2	2	3	3	3	7	3	7
2	2	2	2	2	2	2	3	3	4	5	5	0	3	3	1	1	1	2	6	6	4	5	5	0	3	3	2	2	2	14	14	14	6	14	6
2	2	2	2	2	2	3	3	4	5	5	7	0	3	3	1	2	2	3	6	6	5	6	10	0	6	4	2	3	3	5	5	13	9	5	5
2	2	2	1	2	2	2	2	3	2	4	5	0	2	0	1	1	2	2	4	4	2	4	7	0	2	0	1	2	3	14	18	14	30	18	30
2	2	2	1	2	2	6	6	6	6	8	8	0	0	0	1	1	1	6	6	6	6	8	8	0	0	0	1	2	2	0	0	0	0	0	0
2	2	2	1	2	2	2	2	2	2	4	4	0	0	0	1	1	1	2	2	2	2	4	4	0	0	0	1	2	2	16	8	16	8	8	8
2	2	2	1	2	2	3	2	2	3	4	4	0	0	0	1	1	1	3	2	2	3	4	4	0	0	0	1	2	2	4	4	4	4	4	4
2	2	2	1	2	2	2	2	2	2	4	4	0	0	0	1	1	1	2	2	2	2	4	4	0	0	0	1	2	2	2	2	2	2	2	2
2	2	2	1	2	2	3	2	4	3	4	6	0	3	1	1	2	2	3	5	5	3	5	9	0	3	1	1	3	3	16	16	16	48	16	48
2	2	2	2	2	2	2	2	3	4	4	5	0	2	0	1	1	2	2	4	4	4	4	7	0	2	0	2	2	3	13	21	13	21	21	21
2	2	2	2	2	2	3	2	3	5	4	5	0	2	0	1	1	2	3	4	4	5	4	7	0	2	0	2	2	3	6	14	6	14	14	14
2	2	2	2	2	2	2	2	3	4	4	5	0	2	0	1	1	2	2	4	4	4	4	7	0	2	0	2	2	3	6	6	6	6	6	6
2	2	2	2	2	2	6	6	6	9	8	8	0	0	0	1	1	1	6	6	6	9	8	8	0	0	0	2	2	2	0	0	0	0	0	0
2	2	2	2	2	2	3	2	2	5	4	4	0	0	0	1	1	1	3	2	2	5	4	4	0	0	0	2	2	2	7	7	7	7	7	7
2	2	2	2	2	2	2	2	2	4	4	4	0	0	0	1	1	1	2	2	2	4	4	4	0	0	0	2	2	2	0	0	0	0	0	0
2	2	2	2	2	2	3	2	4	5	4	6	0	3	1	1	2	2	3	5	5	5	5	9	0	3	1	2	3	3	7	31	7	7	31	7
2	2	2	2	2	2	3	2	2	5	4	4	0	0	0	1	1	1	3	2	2	5	4	4	0	0	0	2	2	2	6	2	6	6	2	6
2	2	2	2	2	2	3	2	4	6	4	6	0	3	1	1	2	2	3	5	5	6	5	9	0	3	1	2	3	3	10	6	10	22	6	22
2	2	2	2	2	2	3	2	4	5	4	6	0	3	1	1	2	2	3	5	5	5	5	9	0	3	1	2	3	3	6	22	6	6	22	6
